ACTIVATION=sigmoid
0.2077636505 -0.3015384758 -0.7838965246 -0.3613243011 0.3817722502 -0.6247816176 -0.4024370528 -0.4381155132 -0.4669546505 -0.656993372 0.4715767308 0.1504162262 -0.1938266622 -0.07439480413 -0.2443740855 0.3041174217 0.0331897502 -0.6316750998 -0.08228717748 -0.3118608763 -0.7099545131 0.3840909888 -0.09306669845 -0.1872860634 0.2520879538 0.03081397873 -0.5016525226 -0.3086765169 -0.5813571441 0.5016727359 0.09153680861 -0.4255629366 0.4605589626 0.1774240572 -0.7361217611 -0.0722866149 0.01530310262 -0.7407242789 -0.1362338361 0.02585160255 0.3547246325 -0.08909093945 -0.0180293208 -0.2976971563 -0.442021236 0.4146195559 0.1187577602 -0.6141640346 0.275093
-0.4238066804 0.3391674499 0.2887099964 -0.5585395402 -0.7413096907 -0.7227800272 0.1267715019 -0.257633271 -0.6587464966 -0.537973193 0.3377059686 -0.427096217 -0.1042043598 -0.6880049681 -0.8444192059 -0.1722509566 -0.3462934633 -0.5971521145 -0.5588938005 -0.465471255 0.3236863442 -0.2938632194 -0.6452416993 0.404895206 -0.4633174472 -0.2212717121 -0.02248792976 0.3272353473 -0.1247829402 0.508013357 0.371907869 -0.05353401144 0.4428614897 0.2436036981 0.3363078489 0.3548902395 -0.5282282831 0.4985713099 -0.586087272 -0.5471296895 0.2435580952 -0.02582159238 -0.08325626414 0.1966335258 -0.3976589762 -0.4483088443 0.3063140076 -0.1587995909 -0.069263
0.2474265367 -0.02246588115 -0.1100254578 0.5523873439 0.08797612128 0.4420430511 -0.0178426921 0.633243913 -0.6083861452 -0.7145218123 -0.3526629002 0.3863279664 0.2186620595 -0.393940992 0.05936455916 0.09015025748 -0.2490294522 -0.569129623 -0.3875842641 0.2925876379 0.2373309237 -0.6187648778 0.1547585905 -0.6146054467 -0.8875209233 0.2978564389 -0.2774648 -0.2995421596 0.1817929312 0.1070866543 -0.5508981847 0.09263838774 -0.3393478646 0.002670941265 -0.4169564356 -0.360858049 0.4072670197 0.1830248035 -0.7307169668 -0.6963471299 0.161106608 0.2377744589 0.3590606074 -0.6426274173 -0.06980975955 0.2941085322 -0.824656613 -0.03567970805 0.08621
-0.690531873 1.027096882 -0.2068114304 0.5816238141 0.1766187357 0.1261034532 -0.3310109837 -0.7299452378 -1.0739088 0.513336331 -0.9295802016 -0.6127178619 0.5061096334 -0.7051977025 -0.741158001 0.1053544466 0.3668193329 0.649318415 -0.2275170142 -0.5295263894 0.03794145945 0.2800418445 -0.8327413143 -1.08337168 -0.070763162 0.3304686285 0.4643319734 -0.6794239224 -0.4924370054 -0.8380167567 0.1222661859 0.4090436618 -0.04388826872 0.4332484371 0.6060821882 -0.6138094643 0.9813543131 -0.2030473484 -0.6021426689 -0.4017145228 -0.2619418252 -0.7264871696 -1.230051462 0.1498216482 -0.8679875775 0.2383169893 -0.6487466008 0.2254132154 -0.017592
-0.2925622663 -0.7009774172 0.2540170181 -0.9318400237 0.5499173806 0.3484465832 -0.5772223515 -0.08503478834 -0.6811673278 0.4539178578 0.2631285614 -0.6208974298 -0.2536035348 0.455678659 0.5021851624 0.5590823651 -0.003914161612 -0.3289648657 0.2172294187 -0.2748185219 0.2175784617 -0.7402307969 -0.5069518332 0.3989151426 0.7070687962 -0.7111626046 -0.4354755575 -0.7439485798 0.3623522585 -0.9552372882 -0.8907053682 -0.425262274 -0.5944140345 -0.2248072149 0.3548682944 0.08307764283 -0.3238547255 0.328919941 -0.6512694019 -0.5161436576 0.3478315209 0.07065371431 -0.9610045719 -0.3398032304 -0.3743588288 0.1693367058 0.1904902795 0.06214828974 0.002275
-0.4449582791 0.2782361743 0.07245608484 -0.4069629436 0.330523086 0.2105566419 0.1895092709 -0.2774230081 0.1428465186 0.03240048265 -0.4665138232 -0.2712975898 -0.4063107552 0.2344302717 0.2215255073 -0.5953414122 -0.5446510432 0.003157724339 -0.633564322 -0.1651541116 -0.6593360544 -0.3002678519 0.3779423736 -0.7120397714 0.3767087964 -0.2301819348 -0.5595094006 -0.2889820398 0.08168480987 -0.3018129767 0.3272171788 -0.4046689802 0.01391474129 0.03244941401 0.005889784306 -0.7086234061 0.3542852778 0.3648124945 -0.04474645179 -0.6044968015 -0.7518969404 0.5143771477 0.3911767773 0.3491352709 -0.1272311299 -0.6606500246 -0.3782994252 -0.4115681781 0.305294
-0.2978748058 -0.6294927144 0.3571563229 -0.4937177586 -0.9122323345 0.02182375937 -0.5201385386 0.3432153704 0.1301497153 -0.1564976105 -0.3894748464 -0.2606073008 0.1313236356 0.02854669549 -0.7192256175 0.2170580459 -0.3495782279 -0.02729380447 -0.3312857202 -0.5454547592 -0.02425902778 0.5885895064 0.03518693265 -0.04598693309 -0.092302602 0.2049371663 -0.3804827656 0.2699530456 -0.02168788578 -0.8622336237 -0.09614488481 -0.3367079185 -0.6366863067 0.2428746873 -0.5482433217 0.1747952476 -0.2783499743 -0.7933821462 0.5338213286 0.3186812969 -0.7192281652 -0.1979376226 0.2474886105 0.4751802422 -0.1107624628 0.1799139309 0.3071168683 -0.03072591819 0.211448
-0.5478661346 -0.5865110272 -0.5771574836 0.2710493155 -0.3862880219 -0.7604927508 -0.6991939294 0.5043505233 0.4430276953 0.04681049046 -0.5596104179 0.1601350915 0.06112681498 -0.4916950128 -0.4936195952 -0.4537839203 -0.5500302228 0.07880994625 0.2188942737 0.2721110035 0.1898686845 0.01638436593 0.3907507232 0.3056597997 0.1921773408 0.1847442992 0.1665792874 -0.5801737329 -0.3247977302 -0.1101566379 0.2748052756 0.1334029633 -0.7416014813 -0.1411764028 -0.542678318 -0.5336409005 -0.5143474202 -0.4001156937 -0.09537178112 -0.6000135211 -0.0603461813 -0.04699292325 0.2534433152 -0.5542119914 -0.1395969224 0.3531985999 0.0341584236 -0.535310004 -0.057038
-0.02372278498 -0.6672592243 -0.317818029 0.5593311582 -0.9280405726 -0.1396563843 -0.4091126586 -0.4148164721 0.8568382525 0.2878903253 0.219097704 -0.3441556325 -0.2445870413 0.7262223343 -0.3870971934 -0.6868304269 -0.2918814743 0.1396211766 -0.1717608178 -0.8100493387 -0.09185484315 0.2378488251 -0.9680985901 0.68174233 -0.6993481314 -0.02878703311 -0.199324688 -0.3299295202 0.1695334201 -0.2243809767 -1.127952192 0.1093644845 0.07792361631 -0.5220330203 0.4361786343 -0.9755694719 0.9028717262 0.470208864 0.186273761 0.02809242239 0.005445637858 -0.2259716778 -0.7569876203 -0.7700455583 0.07643067931 -0.6029452306 -0.7631799671 0.5638818524 -0.093923
-0.7874697345 -0.9786302577 0.4854640726 -0.5206918425 0.6183679215 -0.8864587196 0.4153412085 -0.4889332152 -1.016870364 -0.07350151871 -0.751875831 0.2420346811 -0.4851483047 -0.7240441837 0.9807864748 -0.8898868653 -0.7257335179 0.4816275971 0.1668618079 0.8030770971 0.6907297744 -0.5002179789 -0.7614144921 -1.145546394 -1.010442369 -0.2984443517 0.2926311187 0.5278428801 0.313828332 0.7199872051 0.2856522335 -0.2962015079 0.3334174542 -0.7792649507 -0.6225015568 0.1241094138 -0.2411885962 -1.028035519 0.9695821076 -0.1476441812 -0.2163982876 0.7414470473 -1.135153988 -0.7324746419 0.2238449786 -0.5781668925 0.4916179426 -0.0620616131 -0.255682
0.5269826202 0.1797082843 -0.4603947116 -0.6125533409 0.3732729376 -0.1277824503 0.02247461567 -0.3060401738 -0.1999460737 -0.6368218689 -0.460279563 -0.3313552006 0.3388980687 0.4792601517 0.3453785844 0.3006602095 -0.07997891994 -0.6461548831 -0.7756304662 0.4127112331 -0.7564085218 -0.5441802913 -0.6053585591 0.3834392547 -0.2966903217 0.2276805126 -0.0644593266 0.7410550219 -0.01541519969 0.02374697961 -0.6886038565 -0.5249394095 -0.5540587857 -0.07690094222 0.3626874445 0.3421331664 -0.7025199541 -0.6378405121 0.1824830106 0.3695111551 -0.7237994369 -0.2806564612 0.1670289579 -0.5577195533 -0.2755218266 -0.7896913714 -0.1584160673 -0.6190695645 -0.007707
0.3668208726 0.2725874121 -0.4297481772 0.2455501919 -0.6937797473 0.1747269834 0.03724743056 -0.3417621675 0.2597669009 0.02950801857 0.2472223905 0.3029791033 -0.04282608127 -0.6672034071 -0.05915377673 -0.358166738 -0.192401761 -0.5129569898 0.1610026861 0.1110208383 -0.5677662888 -0.006221373614 0.4285479353 -0.7112164941 -0.5740901253 0.04309215784 -0.4584256828 -0.4356112263 0.1790629445 -0.2975017101 -0.4803702091 -0.1371575932 0.3273910646 -0.1423145868 -0.360208623 0.4223726665 -0.6103044244 0.2320326427 -0.6004418876 0.3310597227 -0.4314263181 -0.4408559843 -0.5998218433 0.2285556077 0.2772604854 -0.5295207689 0.01992931287 -0.6013874881 0.222048
