ACTIVATION=sigmoid
0.116492 0.081238 -0.039095 0.027930 -0.016415 0.216939 -0.025399 0.088655 0.169573 0.007772 0.050438 0.102625 -0.127098 -0.137428 -0.141434 0.219523 0.048435 -0.200905 -0.084651 -0.041728 0.228482 0.026743 0.015023 0.080458 0.063644 0.087224 -0.056628 -0.164260 -0.100178 0.031806 -0.173868 0.105520 0.062876 0.062934 0.039244 -0.020299 0.014321 -0.228945 0.050245 -0.217424 -0.185356 -0.205838 -0.088088 0.058611 -0.208095 0.208191 0.204390 0.100871 -0.139138 -0.031792 -0.155512 -0.182725 -0.223282 -0.155454 -0.016800 0.144065 0.200410 0.037343 0.146335 -0.064094 -0.225344 0.040768 0.021129 -0.123892 0.021556
-0.042245 -0.016109 -0.004182 -0.006909 0.134478 0.155050 0.032681 -0.052660 0.146735 0.154218 0.197645 0.051500 0.002212 0.089380 0.102314 0.168850 -0.060103 -0.170883 -0.141318 -0.025883 0.039573 -0.230787 0.107225 -0.094141 -0.222441 0.152834 -0.102196 -0.084299 -0.145249 -0.014977 -0.202712 0.211160 -0.031398 0.031550 -0.205751 -0.086401 0.166475 -0.169764 0.125653 0.035131 -0.041728 0.202347 0.035464 -0.212613 -0.089614 -0.041075 0.171638 0.150336 0.187663 -0.023133 0.129430 0.114977 -0.211305 0.063669 0.165141 -0.059370 0.215050 -0.010255 0.116225 0.164152 -0.184009 0.191433 -0.084790 -0.010373 0.037788
-0.173451 0.146447 -0.189346 -0.036668 0.087612 -0.076589 0.153349 -0.092593 0.092687 0.205211 -0.196175 -0.106073 0.028899 -0.158888 -0.049216 0.216322 0.101836 -0.108149 -0.183718 0.206488 -0.094369 0.120941 -0.025260 0.113720 -0.119924 -0.049275 -0.223808 0.077652 -0.229437 -0.071845 0.100220 0.003799 0.179359 0.020854 0.031089 0.137635 0.231041 -0.013947 -0.103264 0.063570 -0.169725 -0.037296 0.096359 -0.088273 0.015539 0.027241 -0.086420 0.087383 0.187003 -0.130766 -0.043875 0.099767 -0.217526 -0.087385 -0.119431 0.044464 -0.207763 -0.097197 -0.030341 -0.188752 -0.203204 0.176854 0.142306 0.051370 0.065486
0.140814 0.129956 -0.072284 0.142168 0.189859 -0.022910 0.085744 0.190368 0.036414 -0.199314 -0.063512 0.219423 0.014269 -0.052456 0.041009 -0.199809 0.021842 -0.218159 -0.045805 0.211347 -0.010474 0.132068 0.147047 -0.111941 0.017345 0.136099 -0.002238 0.206105 0.065730 0.194068 -0.141785 -0.026267 0.075491 -0.039144 -0.028569 0.083998 0.092696 -0.069048 0.122353 -0.015008 -0.200292 -0.206067 -0.025078 -0.070913 0.211893 0.011685 0.210773 0.100791 -0.120830 0.081882 0.168068 0.159383 0.214607 -0.002609 -0.094434 0.036890 -0.037615 -0.086811 -0.179893 0.138341 -0.224302 0.190350 -0.131957 -0.215300 0.080268
-0.054616 0.102796 0.123546 0.166097 0.224964 -0.111811 0.212149 0.081436 0.010274 -0.218190 -0.110663 -0.179650 -0.156843 -0.050514 -0.194920 0.042093 0.003999 -0.167757 -0.075054 -0.030755 -0.186358 -0.111009 0.074584 0.175106 0.061271 -0.225695 0.050020 -0.031868 -0.212158 0.229015 -0.015034 0.114182 0.050538 0.201360 -0.031097 0.203658 -0.041529 0.088323 -0.131672 -0.175732 -0.016390 0.073034 0.050491 -0.087907 0.187756 -0.164683 0.144625 0.061159 -0.127506 0.125629 0.016330 0.206993 -0.090661 0.150053 -0.215831 -0.016173 -0.069749 0.113497 -0.210701 0.206826 0.148035 0.157206 -0.148222 -0.042312 -0.030542
0.180322 -0.228861 0.141900 0.119646 -0.130842 -0.033315 0.027507 -0.199456 -0.086913 0.171705 0.176215 0.189987 0.198844 -0.129421 0.168601 -0.190992 -0.184405 0.227073 -0.054102 0.128610 -0.024004 -0.096972 -0.061141 -0.068642 -0.072758 -0.026504 -0.131802 -0.062227 0.003376 -0.004697 -0.223917 0.078903 0.219030 -0.112937 -0.176328 0.077003 0.170890 0.181341 0.086255 -0.019435 0.088826 0.041467 -0.146282 0.052231 -0.162454 0.187300 0.092273 -0.054814 -0.088571 -0.197624 0.159751 -0.050363 -0.075480 0.104227 0.227186 -0.005956 0.203195 -0.166547 -0.187873 -0.105852 -0.158451 -0.046128 0.177691 0.131023 0.146657
0.205266 -0.167150 0.083214 0.124212 0.158038 -0.152965 -0.090812 -0.156207 -0.067181 0.041402 0.190068 0.045724 0.095149 -0.043046 0.199973 0.054740 -0.049792 -0.049168 0.077023 0.050814 -0.006091 0.109269 0.021156 0.105563 0.128249 -0.177411 0.189327 0.049214 0.170466 0.159712 -0.026913 -0.183263 0.231062 0.070731 -0.037156 -0.156673 -0.183072 -0.003023 -0.067631 -0.188423 0.076359 -0.152908 -0.186844 0.137332 0.101926 -0.039150 -0.043415 -0.154119 -0.161045 -0.059647 -0.187052 -0.005398 -0.198701 -0.003405 -0.190982 0.148632 0.082404 -0.195190 -0.217268 -0.146336 0.197907 -0.216263 -0.159934 -0.122295 0.136221
0.115070 -0.093089 -0.195553 -0.115894 -0.129337 0.042195 0.224734 -0.132727 0.108228 0.030377 0.090692 0.020986 -0.010168 -0.071864 -0.124464 -0.087091 -0.118380 -0.157424 0.099517 0.109968 -0.013303 -0.040915 -0.197014 0.109604 0.229229 0.196290 -0.119948 0.176581 -0.066818 -0.066336 0.161365 0.196992 -0.152867 -0.001555 -0.063425 0.025529 0.201701 -0.146895 0.046063 0.123908 0.226989 0.066539 0.037842 -0.145439 0.002336 -0.060950 -0.124806 -0.123047 -0.112095 -0.083111 0.003729 -0.070205 -0.080227 0.228385 -0.048671 -0.184712 -0.224925 0.039044 0.122775 -0.003662 -0.201426 0.088315 -0.206721 -0.104458 0.109444
-0.010266 0.183581 0.014172 -0.032613 0.030888 -0.007533 -0.031059 -0.179909 -0.204463 0.087856 -0.052665 0.176353 -0.113373 0.199993 0.033880 0.146777 -0.139112 -0.220169 0.008192 -0.021107 -0.207311 0.001474 0.217960 0.043518 0.176839 0.052273 -0.231061 0.019038 -0.107432 -0.113968 -0.083610 -0.181475 0.114681 0.017976 0.121632 0.183706 0.130297 0.197420 -0.077217 0.183106 -0.137823 -0.149914 0.214114 -0.164721 -0.104406 0.091644 0.011653 0.075410 -0.127772 0.068418 -0.086588 -0.147959 -0.065830 0.187217 0.174706 -0.225477 -0.030204 0.227024 -0.196355 -0.012483 0.097663 -0.056915 -0.199305 -0.062262 -0.146596
-0.049184 0.176219 0.032602 0.204486 0.197879 0.027937 0.043462 0.118205 -0.063970 -0.025070 0.135046 -0.066774 0.216862 0.004082 -0.119813 -0.073252 0.001280 -0.022190 0.099493 -0.020402 -0.171855 -0.195737 -0.081939 -0.230484 -0.092138 0.091299 0.011642 -0.070022 0.157936 0.001668 0.024899 0.092698 0.106250 -0.105464 -0.172031 -0.202695 0.037764 0.108007 -0.109092 -0.016356 0.058712 0.002035 0.033074 0.011442 0.034991 0.020577 0.131234 0.171695 0.138278 0.059077 -0.083723 0.176546 0.129161 -0.089233 0.225752 0.218007 -0.174429 0.098173 -0.109118 0.230154 0.154561 0.027791 0.051028 0.149139 -0.212106
-0.017762 0.157007 0.149558 -0.198847 0.188866 0.073611 -0.030151 0.090824 -0.132498 -0.179736 -0.138425 -0.180060 0.087765 0.086451 -0.140107 -0.144605 -0.005094 -0.059027 -0.040418 0.208185 -0.150386 -0.135440 -0.077616 -0.049297 0.144428 -0.110085 0.135755 -0.221106 -0.020218 0.144038 0.166000 0.156407 -0.188734 -0.025980 -0.108772 0.096279 -0.099160 0.125869 0.148457 -0.109327 -0.195425 -0.053096 -0.196876 -0.143791 0.103328 -0.089764 -0.049297 0.197689 0.192562 0.131208 -0.113563 0.099181 0.217385 -0.036632 -0.036397 -0.066976 -0.025759 -0.037320 -0.182111 0.063206 0.186018 0.200311 -0.100361 -0.185447 -0.026346
0.154621 -0.144821 -0.195865 -0.133954 0.182351 -0.070271 -0.187881 0.184107 -0.179634 0.155578 0.201579 0.112867 -0.217006 -0.160005 0.120350 -0.221059 -0.187365 -0.157592 -0.078854 -0.027344 -0.132074 0.070946 -0.115918 0.015783 -0.025481 0.028420 -0.132126 0.145288 -0.089014 0.227389 -0.178456 -0.123529 0.023631 -0.155673 0.192705 -0.049583 0.067740 0.214962 -0.169666 -0.101357 0.204605 0.057524 -0.095774 -0.147354 0.182372 -0.128788 -0.168267 0.036076 0.183006 0.058653 -0.013180 -0.220944 -0.169047 0.062609 0.098967 0.104723 0.107242 0.195283 -0.128510 0.114975 0.105992 -0.184277 -0.097386 -0.125504 -0.205332
0.062494 -0.143533 -0.122283 0.121616 -0.214903 -0.008707 0.056959 0.086240 -0.100526 -0.088444 0.190017 -0.158942 0.169805 0.020414 0.172536 -0.134900 -0.104410 0.212057 -0.213844 0.024910 0.201851 -0.031684 0.197443 -0.114062 0.137397 0.181160 -0.112366 -0.072578 -0.049598 0.184551 0.151863 0.128708 0.131940 0.161006 -0.177293 0.038255 0.187740 -0.085579 0.153571 0.064224 0.166638 -0.167401 -0.098413 0.098864 -0.225062 0.153958 -0.205448 0.140286 0.047606 -0.158141 -0.131403 -0.115498 0.126429 0.085787 -0.007774 0.224819 0.215355 0.010960 0.131179 0.077249 -0.016276 -0.228939 -0.111331 0.104403 -0.108448
0.227084 0.061747 -0.230537 0.165545 -0.129879 -0.220127 -0.111309 -0.194522 0.060935 -0.052539 0.052256 -0.168592 -0.050051 0.148110 0.127932 0.053882 -0.011589 0.101186 -0.058164 -0.012955 -0.138623 0.054089 0.050942 0.153359 0.079609 -0.078666 0.046957 -0.091814 -0.112094 -0.192920 -0.061241 -0.012820 -0.151966 0.151819 -0.107596 -0.191694 -0.137467 -0.079059 -0.185870 -0.165429 0.045854 0.135019 -0.174878 -0.223361 0.059446 -0.133924 0.114731 0.008802 -0.153912 0.226832 0.124433 -0.219723 -0.054637 -0.069906 -0.083998 -0.218652 -0.088891 0.125685 0.006442 -0.022474 -0.113023 0.069872 -0.059269 -0.171611 -0.228283
0.146636 -0.080357 0.019010 0.011864 -0.037602 0.212586 0.107309 0.195327 0.135977 0.208612 0.224177 -0.157954 -0.091854 -0.159269 -0.192342 -0.082762 0.006160 0.135078 -0.179967 -0.105070 0.230167 0.026991 -0.115387 -0.000200 -0.112048 -0.034131 -0.192577 -0.104329 -0.138010 -0.195389 0.066789 0.056732 -0.129281 0.174536 0.211898 -0.111474 0.109360 -0.114969 0.039615 -0.040976 0.113594 -0.042945 -0.039728 0.007520 0.229360 0.093233 0.018396 -0.121476 0.125294 -0.175895 -0.117562 -0.024692 -0.118134 0.018466 -0.117677 -0.024678 -0.139008 -0.076917 0.202956 0.155991 0.196046 -0.079665 -0.110947 -0.103507 0.017749
-0.070787 0.037465 0.098318 0.208137 0.129045 0.081186 0.033749 -0.026398 0.188732 0.132245 -0.224056 0.160798 -0.135207 -0.064195 -0.187312 -0.152908 -0.108545 -0.111323 -0.169657 -0.189704 0.026410 0.190834 0.173946 -0.009737 0.135141 -0.095230 -0.135786 -0.142408 0.163172 -0.115582 0.196392 0.095661 -0.093114 0.040318 -0.134912 0.109391 -0.148649 0.136882 0.210711 -0.189794 0.185457 0.083418 -0.144433 -0.160152 0.070133 0.036294 -0.026301 0.018889 -0.155347 0.208977 0.115647 0.209601 -0.019642 -0.207585 0.146739 -0.032062 -0.204524 -0.065142 0.054623 0.175354 -0.014049 -0.212422 0.163020 0.028740 0.078848
-0.128479 0.138776 -0.178301 0.154312 0.157119 -0.021200 -0.036386 0.144327 0.119521 -0.202450 0.186719 -0.033812 0.023948 0.124074 0.020054 -0.021799 0.038598 -0.186211 0.114110 0.054678 0.003254 -0.175816 -0.055481 0.228459 0.068348 -0.009305 0.152944 0.057180 -0.226932 -0.198781 -0.167042 0.223460 -0.199166 -0.058626 -0.177822 -0.183215 -0.183931 0.175795 0.002497 0.170611 -0.167034 0.062455 -0.161286 0.021159 0.019139 0.057522 0.059807 -0.146712 -0.076133 0.038519 -0.070058 -0.058439 -0.147877 -0.030079 -0.175530 -0.221995 0.030032 0.027854 -0.163682 0.043602 -0.092090 -0.145625 0.122639 0.103051 0.204556
0.194620 0.019367 -0.062470 -0.034840 -0.096470 -0.005723 -0.115907 0.031880 -0.225671 -0.051573 -0.191820 0.145872 0.067318 -0.048167 0.202718 -0.084045 -0.052447 -0.037120 0.034050 0.127638 -0.002288 -0.183544 0.220964 -0.199157 0.119322 -0.036169 -0.062172 -0.212608 -0.183091 0.203344 0.008289 0.087511 0.036267 -0.158320 -0.059172 0.151768 0.101638 0.133400 0.085823 -0.036275 0.027707 0.100161 -0.212077 0.104339 0.031646 -0.070289 0.129427 0.103312 0.194575 0.168036 0.063956 -0.038098 -0.008861 -0.043382 0.206086 0.156956 -0.071729 -0.053471 -0.009691 -0.127848 0.112956 -0.037112 0.055159 -0.045721 -0.096173
-0.082734 0.128319 -0.123455 0.117264 -0.098032 -0.012840 0.042297 0.155752 -0.211403 -0.119912 -0.173232 -0.016333 -0.000755 0.069047 0.042287 -0.095155 0.175600 0.188925 -0.116045 0.054183 0.150525 0.151422 0.189802 -0.043978 -0.130772 0.230387 -0.097015 -0.089831 0.055422 -0.129737 -0.146748 0.046935 -0.091981 -0.197766 -0.124019 -0.029230 0.217132 -0.125534 -0.198677 -0.219002 0.161476 0.102820 -0.164409 0.150813 -0.016334 -0.060894 -0.087668 -0.010391 0.014968 0.071994 0.099451 0.038058 0.000882 0.025412 -0.194067 0.042759 0.100146 0.132009 0.032015 -0.180200 -0.013156 -0.189159 0.165592 -0.197597 0.006255
0.193974 -0.158447 -0.197652 -0.229561 -0.004772 0.181059 0.189264 0.159741 -0.170575 -0.212315 -0.205578 0.048093 0.091785 -0.108261 0.155243 0.135911 0.219953 0.207870 0.112794 0.064259 -0.150388 -0.138107 -0.228324 0.172591 0.158348 0.088908 -0.020290 -0.183972 0.137066 0.216279 0.142613 0.196965 -0.029888 -0.051648 -0.016487 -0.182497 -0.101291 -0.069149 0.113263 0.081320 -0.167760 -0.190473 0.173598 0.128111 -0.059042 -0.192402 -0.013732 -0.204213 -0.196694 0.142449 -0.128432 -0.090924 0.049131 -0.135862 -0.086035 -0.124425 -0.124689 0.031170 -0.033011 0.136092 -0.063742 0.202877 0.123077 -0.122375 -0.107881
0.028118 -0.131431 -0.142662 0.153058 0.139468 -0.023053 0.013726 0.012204 -0.155733 -0.009875 -0.086760 0.113086 0.121489 0.132473 0.164337 0.104748 -0.170030 0.042998 0.219170 -0.044380 0.012995 0.091812 -0.158467 -0.085383 -0.036571 0.138704 0.117523 -0.059040 0.029044 0.095160 0.116665 -0.205151 -0.229541 0.120927 0.017329 -0.025811 0.194466 0.065679 -0.009977 0.129201 0.056433 0.195773 -0.014863 -0.183146 -0.209473 -0.129655 -0.156449 -0.180498 -0.167921 0.004351 -0.132306 0.041941 0.140986 0.125602 -0.219268 -0.056227 -0.012372 -0.175332 0.228276 0.025026 -0.108864 0.034158 -0.082973 -0.065380 0.143393
-0.208871 0.207873 -0.210042 0.057141 0.146605 -0.040474 0.093258 0.160910 -0.146391 0.034379 -0.019380 0.105878 -0.179646 -0.008919 0.160980 0.216284 -0.201996 -0.055788 -0.192260 0.060737 -0.162835 0.034779 -0.134496 -0.046486 -0.138064 0.216291 0.112495 -0.079689 -0.073775 -0.221391 -0.227439 0.224680 -0.077225 0.053836 -0.121684 0.174600 -0.046712 -0.128242 0.139716 -0.025645 -0.074862 0.030924 -0.195580 -0.058937 0.062534 0.051293 -0.008890 0.074593 0.052000 0.112809 0.217557 -0.077824 -0.016453 -0.008206 0.151606 0.195135 -0.108720 0.209113 0.150399 -0.104174 0.014887 0.103198 -0.039572 0.195629 0.057558
-0.140789 -0.174405 0.079048 0.061335 0.168252 0.056964 0.109611 0.203813 -0.108755 0.065171 0.179308 -0.167319 0.035750 -0.160356 -0.000763 0.134039 0.176235 -0.042781 0.035054 -0.089015 -0.135910 0.018092 -0.210842 0.018984 0.107421 0.058622 0.215001 -0.019712 -0.040253 0.161022 -0.120276 -0.198162 -0.131480 -0.218789 -0.183346 0.165363 0.027991 0.061358 0.211958 -0.219939 -0.005636 0.156386 -0.174706 0.073634 -0.163117 0.033908 0.039250 -0.028734 -0.154132 0.227775 -0.075674 0.160313 -0.021204 -0.059211 -0.087125 -0.136570 -0.019427 -0.121344 0.038750 0.199421 0.071771 -0.185692 0.057350 0.029548 0.168414
0.137713 -0.226581 0.200891 0.087951 -0.077104 -0.206265 -0.226274 0.077134 0.078521 -0.121774 -0.028775 0.211457 0.111542 -0.096987 -0.042656 0.011006 0.195829 -0.157081 0.137448 0.034767 0.181704 0.057641 -0.141628 0.108912 -0.042229 0.182964 -0.146156 0.131788 0.155307 0.132267 0.075660 0.053860 -0.047017 -0.052695 0.046946 0.201183 0.078499 0.165314 -0.060817 0.154349 -0.171265 -0.173437 -0.137784 -0.158211 0.137728 0.153379 -0.167158 0.021089 0.138580 -0.024898 -0.132742 -0.209225 -0.171339 -0.043357 -0.218016 0.139697 0.008366 0.208785 -0.100324 0.129722 -0.054517 -0.048572 0.086224 -0.113803 -0.124786
-0.094448 -0.026520 -0.049878 -0.040032 0.119113 0.050950 -0.084754 -0.105640 -0.023661 0.026438 0.089420 0.002225 -0.075536 -0.078654 0.072265 -0.003759 -0.103882 -0.045479 -0.001713 0.011753 0.107522 -0.125240 -0.072193 -0.102713 -0.007486 0.171386 0.166610 -0.127044 0.147456 0.055212 0.103174 -0.060090 0.176676 0.095548 -0.131001 0.108459 -0.214439 -0.095637 0.166529 0.212075 0.118649 0.227785 0.111687 0.088085 -0.199586 -0.229305 -0.214890 0.008403 -0.093553 0.216050 0.123287 -0.151940 0.058446 0.094093 -0.213237 0.037367 -0.172704 -0.098283 0.111077 0.085027 0.188704 0.122650 -0.151853 0.020503 0.001791
0.091843 0.168949 -0.054583 -0.089145 0.109853 0.193221 -0.138199 -0.173914 -0.032814 -0.117894 0.113949 0.167058 -0.092143 0.061314 -0.036090 0.008567 -0.086969 -0.182178 -0.217842 0.075705 0.023014 -0.101031 0.043123 -0.135608 -0.128213 0.043665 -0.116798 -0.185047 0.073144 -0.205905 -0.087268 0.007028 0.170523 -0.085453 -0.102154 -0.187061 0.040040 0.158148 -0.173800 0.177601 0.004168 0.163503 -0.060151 0.133167 -0.091876 -0.087923 0.203709 -0.058870 -0.080338 0.042430 -0.184518 -0.128072 -0.026941 -0.033018 -0.181420 -0.140768 -0.004521 0.162228 0.211073 -0.126391 -0.173121 -0.169572 -0.191816 0.203322 0.209545
0.012995 0.015561 -0.170820 -0.009258 -0.181736 -0.138089 -0.222721 0.187366 0.184021 0.110562 0.084955 -0.001684 0.211814 0.017150 -0.133235 -0.048138 0.047149 -0.038922 0.189461 -0.051736 -0.225598 0.192087 -0.185506 -0.187026 -0.088700 -0.119071 -0.054765 -0.186443 0.071016 0.187378 0.138276 0.206116 -0.127327 0.206650 0.074851 0.079198 0.208850 -0.143163 0.142902 0.014873 -0.112037 0.208104 -0.175734 -0.068899 -0.189090 0.018584 0.134508 0.129120 0.027269 0.030691 0.078623 -0.043546 0.126684 0.118296 -0.091739 0.192773 -0.062048 0.178478 -0.153937 0.022844 0.193553 -0.101936 0.047108 0.044376 0.095670
0.175313 -0.143013 0.122421 -0.073194 -0.008733 -0.042235 -0.203982 -0.023601 0.160428 0.159359 -0.033555 -0.229814 0.071329 -0.150341 0.155229 0.095720 0.068759 -0.155722 -0.134881 -0.226468 -0.189678 0.089893 -0.083175 -0.061360 -0.028123 -0.068222 0.114080 0.209274 0.213110 -0.188280 -0.153540 0.048903 0.187086 0.176566 0.067545 -0.121871 -0.014276 0.091857 0.008024 -0.170019 -0.147429 -0.085551 0.025471 0.196810 0.027169 0.187105 -0.126422 -0.107053 -0.173071 0.022145 0.160179 -0.141972 -0.019148 -0.217489 -0.049242 0.146408 0.019258 0.227705 -0.081428 -0.015166 -0.176809 -0.130669 -0.222453 -0.133462 0.061199
-0.063815 0.045516 -0.129994 -0.113373 -0.026651 -0.036188 0.035196 -0.112033 -0.143286 0.197205 -0.070672 -0.212010 -0.135085 0.176403 0.111307 -0.191336 0.069136 0.009794 0.074950 -0.177917 0.213804 -0.154725 -0.067287 0.026971 0.160705 -0.025210 -0.108660 0.113245 -0.112557 -0.074808 -0.152053 -0.178357 -0.012667 0.143128 -0.171033 0.042120 0.157520 0.035184 0.054566 0.103020 -0.070193 0.049937 -0.154923 -0.022552 -0.012701 0.035224 0.039607 -0.221777 -0.209810 0.116984 -0.055634 -0.097715 0.017657 0.033131 -0.028571 0.103952 0.134600 -0.122772 -0.098605 0.123666 0.077901 0.070453 0.085112 -0.167380 -0.183661
0.054809 -0.181126 0.012767 -0.038361 -0.148595 -0.129739 -0.072650 0.171040 0.190596 -0.060137 0.140776 0.100872 -0.042627 0.110716 0.214683 -0.108441 0.151667 0.136117 -0.170047 -0.050618 0.076648 0.093056 0.123531 -0.106456 0.027681 0.017220 0.204149 0.101509 0.189667 0.196606 0.154727 -0.117538 0.028402 0.138006 0.110723 -0.222418 0.181856 0.066970 -0.081425 -0.161603 -0.135271 0.082708 0.210227 0.052301 -0.001224 -0.039156 0.181867 -0.050821 -0.138925 0.045657 -0.111356 -0.215075 0.001443 -0.080786 0.181191 -0.214796 -0.029341 -0.055550 -0.112035 -0.221478 0.103833 0.187456 -0.036738 -0.056874 0.023824
-0.078282 0.201438 0.145548 0.121181 0.021879 0.051438 -0.033897 0.011322 0.012475 0.218995 -0.040391 0.222708 -0.074428 -0.218308 0.216997 0.074031 -0.072104 0.041684 -0.103182 0.229658 -0.047028 -0.137752 0.161599 0.093753 -0.147908 -0.220459 -0.113748 -0.047095 0.199521 -0.001818 0.036192 0.012602 0.073628 0.062357 -0.029028 -0.006362 -0.119624 -0.127690 -0.105498 0.097642 0.039793 0.183585 0.102408 0.229909 -0.169544 0.172224 0.196839 0.073667 0.013861 -0.226500 0.093973 0.084064 -0.161315 0.003556 -0.036671 -0.165240 0.172000 -0.011130 -0.172593 -0.113562 0.018038 0.006415 -0.116070 -0.046163 0.030214
-0.042943 -0.061973 0.011337 -0.131181 0.050741 0.050767 0.103805 0.115407 0.193177 0.186436 0.135985 0.059286 0.102440 -0.077094 -0.103656 -0.066755 -0.008813 -0.174553 0.132283 -0.075690 -0.184058 0.164141 0.224329 -0.031485 -0.060064 -0.015336 -0.177199 -0.139418 0.189005 -0.031320 0.062501 0.160327 -0.225817 -0.145264 -0.207029 -0.053538 0.004052 -0.214387 -0.114154 0.178211 -0.225673 -0.230100 -0.195209 -0.201807 -0.218099 -0.189566 0.121238 0.183265 -0.212999 0.114007 -0.147445 -0.227577 0.101309 0.121120 -0.162971 -0.146749 0.023928 0.183114 0.118701 0.020940 -0.171642 -0.132927 0.208304 -0.153278 0.025350
-0.007946 -0.045852 -0.008573 -0.052497 -0.090117 0.174156 0.048469 -0.114995 0.051132 -0.095517 -0.058025 -0.186527 -0.127458 -0.087131 0.178175 0.135159 -0.138487 -0.098536 -0.096455 -0.172095 0.016292 -0.097652 -0.140038 -0.014035 -0.113739 0.077573 0.035593 0.023733 0.094891 0.112576 -0.008195 -0.024816 0.015581 0.165411 -0.021489 -0.202112 -0.224809 -0.226208 0.204663 -0.194541 0.149615 0.129176 0.019278 0.098030 -0.175081 -0.145878 -0.164402 0.085549 -0.161147 -0.106878 0.057354 -0.133363 -0.117856 -0.142150 -0.066901 0.213488 0.177109 0.003869 -0.164590 -0.059821 0.196586 0.206309 0.152020 -0.168983 0.004997
0.032639 0.194475 -0.143483 0.173107 -0.172199 -0.198529 0.172239 0.058370 -0.024974 0.142468 0.163753 -0.049776 0.039508 -0.073628 0.074371 0.192815 -0.218378 0.119942 -0.008499 0.002504 -0.023134 -0.091789 0.186015 0.068109 0.085947 0.154630 -0.192517 0.015949 0.005713 -0.156782 0.047155 0.190812 -0.034241 -0.017429 -0.097040 0.207076 -0.104120 -0.138893 -0.198625 -0.017380 -0.117942 0.061427 0.131526 0.042708 0.061827 0.107664 0.173803 0.187662 -0.162392 0.206517 -0.111091 -0.200159 -0.076413 -0.142115 -0.060396 0.202088 0.014905 0.166977 -0.201355 0.081294 0.115886 -0.023093 -0.038896 0.155572 0.198985
-0.104687 -0.009795 0.118303 0.126499 0.149294 0.094818 0.104264 0.043424 0.006087 -0.027597 0.145086 0.206377 -0.206815 0.129945 -0.097301 0.024900 0.051920 -0.224733 0.056028 0.009639 -0.055989 0.139514 0.021464 0.047363 0.179241 0.155561 -0.061139 -0.150875 0.170290 -0.010644 -0.108199 -0.040921 0.079129 0.203690 -0.129568 -0.203853 0.167980 -0.138285 -0.093403 0.030784 -0.002667 0.091730 -0.225166 -0.026203 0.131751 0.038784 -0.085453 0.155493 -0.136830 0.049352 0.187977 -0.064278 -0.022590 -0.088190 -0.030514 0.204510 -0.075394 0.012998 -0.197932 0.071436 -0.100481 -0.076697 0.134012 -0.179249 -0.133132
-0.070192 -0.183241 -0.105546 0.027311 -0.185458 -0.032061 -0.197527 0.164053 -0.071596 -0.039244 -0.131213 -0.064759 0.032907 -0.194424 -0.052425 -0.074026 0.133114 -0.115584 -0.063408 0.012061 0.220537 -0.205907 -0.069767 0.043500 0.071747 -0.053617 0.000076 -0.046139 -0.230690 -0.114102 -0.064857 0.118576 0.030562 0.191079 0.152886 -0.044876 -0.114893 0.155138 -0.124118 0.157730 -0.192052 -0.109452 -0.190632 0.083420 -0.203583 0.083882 0.008226 0.009962 -0.002107 -0.093103 -0.069469 0.106298 -0.131429 0.081806 0.039255 0.157135 0.168444 -0.088692 -0.198838 -0.062974 -0.065962 -0.102635 -0.163777 -0.025738 -0.225630
-0.039161 -0.194035 0.032171 0.078108 0.152578 0.079316 0.090858 -0.011111 0.054902 -0.196452 0.095907 0.119754 -0.038442 -0.160831 -0.098488 -0.047970 -0.147640 0.139964 -0.031572 0.191252 -0.212457 -0.129058 -0.042726 0.006479 0.108157 -0.208113 -0.011689 0.007435 -0.000179 0.173345 -0.183454 0.110055 -0.222996 -0.072431 0.199029 0.076091 0.164223 -0.038343 -0.036791 -0.124444 0.064661 0.181206 -0.194344 -0.156030 0.170969 0.153487 0.087938 0.177205 0.067117 0.168438 -0.022606 0.155064 -0.122821 0.056977 -0.095713 -0.185978 -0.002787 -0.216162 0.168505 -0.225554 -0.043949 -0.169704 0.120267 0.055930 0.216056
0.113207 -0.038045 0.051275 -0.190606 -0.066969 0.012600 -0.130331 0.031406 0.091075 0.198269 -0.167049 0.040772 -0.112345 0.179847 0.164054 -0.188961 -0.172749 0.005942 -0.110062 0.133212 -0.032054 0.173856 0.160594 -0.037553 -0.059558 0.032065 0.042553 -0.192110 -0.198418 0.070462 0.199870 -0.163085 -0.071749 -0.137153 0.104696 0.069886 -0.158281 0.127088 -0.193240 0.087100 0.039201 0.220565 0.113079 0.065716 0.124823 0.022173 0.063107 -0.161154 0.177769 0.182891 -0.178899 0.036671 0.088869 0.071539 0.052751 -0.054563 -0.215684 0.124461 0.025687 -0.008954 -0.193911 -0.162082 0.031360 -0.037550 -0.003808
0.080648 0.031574 -0.131223 0.223521 -0.108059 0.020808 0.000773 0.142861 -0.212053 0.057453 0.163801 0.013598 -0.196745 -0.220375 0.148825 -0.017178 0.195383 0.059518 -0.099107 0.151822 0.189468 0.095072 -0.019306 -0.131622 0.174719 -0.221598 -0.066915 -0.088027 -0.158378 -0.011330 -0.092262 -0.203714 -0.013192 -0.038034 0.185230 -0.082280 -0.167514 -0.179394 -0.110788 0.091447 0.220984 0.074051 -0.097159 -0.126540 0.141708 0.051053 -0.138158 0.043116 0.026903 0.041378 0.157345 0.089360 0.160537 -0.094784 0.120286 0.230345 -0.124756 -0.087561 -0.090178 -0.196587 -0.165112 -0.056536 0.036676 -0.007599 -0.032466
0.053473 0.198041 0.060076 0.195394 0.034736 -0.126439 0.211146 0.135420 -0.126411 0.115651 0.020391 0.187483 0.135726 0.132444 -0.035897 0.046068 -0.159528 -0.085609 0.141326 -0.038688 0.003176 0.198796 0.173311 0.217594 0.166072 0.194946 0.145623 0.111577 0.012607 0.225854 0.158372 0.054120 0.163978 -0.032541 0.058372 0.202930 0.219301 -0.118697 -0.112346 -0.197994 -0.047841 0.227118 0.187905 -0.175245 -0.158891 0.109506 0.083724 -0.018457 0.006535 -0.159085 -0.058733 0.068502 -0.041084 0.180415 -0.025210 0.038921 -0.193187 0.143072 -0.215710 -0.184470 0.181577 -0.125963 0.214368 0.150690 -0.043640
-0.046030 -0.223455 -0.067179 0.195107 0.048838 0.195574 -0.214446 -0.213092 0.107467 0.028472 0.085729 -0.003811 -0.176163 -0.167782 -0.199535 0.031318 0.224112 0.046830 -0.093319 0.191739 0.136804 0.136001 -0.130462 -0.108011 -0.224270 -0.041131 -0.009594 -0.100778 -0.059689 0.147670 0.098797 -0.159273 0.112625 0.131183 -0.025469 -0.009420 0.014064 -0.160225 -0.144919 0.046775 0.063128 -0.158389 0.090515 0.127124 -0.078254 -0.211354 0.024820 -0.016993 0.060514 -0.098741 0.110436 0.104028 -0.064760 0.081324 0.228505 -0.217980 -0.158666 0.001811 -0.197270 0.031356 -0.080396 0.144671 -0.094545 -0.188741 0.214209
-0.010383 0.004645 -0.188054 -0.074019 -0.021003 0.025583 0.013617 -0.197777 -0.076596 -0.224631 0.033981 0.062911 0.132741 -0.086014 0.092699 -0.167846 -0.147320 0.086930 -0.123776 0.094911 -0.093460 -0.221555 0.228785 0.105727 0.109697 0.001666 0.097573 -0.022598 -0.193516 0.215550 -0.116181 -0.055214 -0.075225 0.103592 -0.146362 -0.068654 0.088081 -0.110148 0.209494 -0.227119 0.146280 -0.129563 -0.133331 -0.038391 -0.151050 0.073307 -0.196889 -0.211788 0.021318 0.198740 0.196138 -0.130308 0.133024 -0.199651 -0.124771 0.111557 -0.018061 -0.192277 0.102123 -0.211505 0.071457 -0.134142 0.072283 0.219625 -0.209212
0.196230 -0.103137 -0.140377 -0.038180 0.122873 0.181473 -0.032595 -0.178233 -0.163257 0.072648 0.142677 -0.032742 0.214932 0.146648 0.127450 0.153155 0.125203 0.092531 -0.117222 -0.073121 -0.102433 0.162006 -0.034049 0.081089 -0.000512 -0.065543 0.114989 0.200016 -0.063859 -0.059524 -0.204575 -0.177893 -0.034489 -0.156720 0.199209 -0.229379 -0.022912 0.128091 0.072910 0.054880 -0.141213 -0.040890 0.052352 0.009842 -0.079748 0.007412 0.156992 -0.062163 0.199796 0.118254 0.223580 -0.218443 -0.230350 0.231267 -0.128475 -0.077598 -0.011269 -0.067051 0.058743 -0.192904 -0.111607 -0.124363 -0.007533 0.034462 -0.226525
0.185531 -0.221689 0.107972 -0.099852 -0.037248 -0.011875 0.012034 -0.039628 -0.122872 -0.124827 0.102831 0.033876 -0.106816 -0.057633 0.072472 0.114231 -0.185889 -0.196340 -0.024806 0.047660 -0.066316 0.156351 -0.131476 -0.164337 0.155220 -0.149376 0.206474 -0.194198 0.180254 0.189354 0.207971 0.209650 0.061389 0.078510 0.229168 0.102539 -0.163600 -0.100027 -0.206131 0.049198 0.074150 -0.225197 0.152257 -0.050834 0.082181 -0.216336 0.017643 0.208008 -0.177014 -0.130055 0.215277 -0.079626 -0.005337 -0.170400 -0.193440 0.021883 0.144715 0.160623 -0.088549 -0.166156 0.069358 0.053084 0.213555 -0.004221 0.039812
-0.046233 -0.013045 -0.129560 0.036445 -0.093172 0.000499 0.087656 -0.096376 -0.173044 -0.194609 0.215095 0.146148 -0.181188 -0.184034 -0.071405 -0.032498 -0.026085 -0.082683 -0.132249 0.073290 -0.000149 -0.067633 0.178071 0.104815 0.007783 -0.095764 0.038604 0.023707 -0.106941 -0.187684 -0.025246 -0.101130 0.062492 0.027831 -0.039655 0.005846 -0.154472 0.031634 0.200888 -0.022124 0.226503 -0.040758 0.000196 -0.079457 0.158217 -0.062753 -0.053263 -0.068853 -0.087601 0.209994 -0.068918 0.024318 0.104140 0.053251 -0.147867 0.138707 -0.080090 0.154384 0.051804 -0.036344 0.222987 0.063741 -0.015927 -0.062093 0.038256
-0.095573 -0.077588 -0.198831 -0.053334 -0.194048 -0.080225 -0.112700 0.027547 -0.070059 0.012655 -0.125567 0.154940 -0.147430 -0.166729 0.005655 0.024419 0.133596 -0.097165 0.206632 -0.171408 -0.007363 -0.038110 0.098101 -0.135043 -0.121015 -0.221922 -0.163765 0.040583 -0.010847 -0.135043 -0.008361 -0.121286 -0.145055 -0.120490 0.230400 -0.082950 -0.034214 -0.200987 -0.198170 -0.130527 0.045595 -0.161695 -0.158737 0.040875 0.215119 0.080310 0.194280 0.170552 0.125616 0.189844 0.189066 -0.105654 0.137227 0.095506 0.038206 0.110315 0.108446 -0.024820 0.018846 -0.053995 -0.036563 0.072930 0.017268 -0.107892 0.179219
-0.015702 -0.196206 -0.205089 0.207175 0.108420 0.126576 -0.003576 -0.077657 -0.087840 0.015429 -0.073118 0.152109 0.230925 -0.036665 -0.177504 0.189407 0.171212 0.135808 -0.060292 0.126984 -0.000499 0.141439 0.115705 0.057254 -0.218491 0.076936 0.191601 0.158283 -0.036930 -0.199657 -0.131126 -0.014386 0.141357 0.229941 -0.086168 -0.035487 0.188607 0.116764 -0.200721 0.223582 0.042194 -0.213008 0.183701 0.157307 0.080420 -0.125342 0.157717 0.063021 0.055673 -0.219270 -0.156173 -0.170148 -0.096498 0.223404 0.128730 -0.006433 0.050050 -0.122727 -0.044151 -0.088045 0.067365 -0.114115 -0.127935 0.158835 -0.115571
-0.024946 -0.047620 -0.038398 0.077455 0.024078 -0.219084 -0.026239 -0.111400 -0.189302 -0.163322 0.057040 -0.041098 -0.220430 -0.006058 -0.007603 -0.089552 -0.069289 -0.065649 0.231445 0.103610 -0.109872 -0.085387 0.143896 0.145095 -0.064985 0.046817 0.030566 0.053313 -0.150508 0.107187 -0.125811 -0.076292 -0.077700 -0.087755 -0.222903 0.161696 0.121094 -0.156008 -0.222664 -0.059826 -0.155477 0.061389 0.129384 -0.218998 0.123534 0.216046 -0.160961 -0.078279 0.166066 -0.150798 -0.143817 -0.079669 0.050219 0.206383 0.144957 -0.197020 0.148796 0.013392 -0.069590 -0.044370 0.001650 -0.223297 -0.099029 0.079162 -0.145588
