ACTIVATION=sigmoid
0.303453 0.248924 0.168723 0.051648 0.082848 0.075721 0.046607 0.314878 -0.199054 -0.246288 -0.054785 0.118778 -0.247707 -0.138561 0.278744 0.110855 0.283401 -0.178305 -0.168211 -0.205479 0.020395 -0.301357 -0.016694 -0.198186 -0.216540 0.119123 -0.222178 -0.086748 -0.086669 -0.268626 -0.043283 0.179454 0.135355 -0.153242 0.140086 0.233477 0.106855 -0.170168 -0.010236 0.279551 0.247415 0.297238 -0.127289 -0.236087 0.265231 -0.234035 0.063863 -0.086213 0.293196
-0.154983 0.232177 -0.043515 -0.135842 0.287334 0.180355 -0.092183 -0.295486 0.302350 -0.150882 0.036479 0.165253 0.015491 -0.287767 -0.068993 0.253078 -0.109242 0.165965 -0.140057 -0.227493 0.251137 -0.232819 -0.041006 -0.041841 -0.044464 -0.156076 -0.306289 -0.305935 0.231960 -0.249465 0.049438 0.248726 0.194336 0.169577 0.096496 -0.036568 0.095811 0.137707 -0.317857 0.126096 0.272510 -0.281617 0.125121 -0.229081 0.285061 -0.223704 -0.317306 0.035063 0.110390
-0.132117 0.073606 0.084194 0.308587 0.154587 -0.069895 0.198817 0.103157 -0.084275 -0.246574 0.153885 -0.088922 -0.211753 -0.174923 0.025126 -0.050112 0.298176 -0.060036 0.270036 0.239228 0.017623 -0.256651 -0.301358 -0.262755 -0.232287 -0.213757 0.105569 0.280700 -0.193071 -0.189422 -0.192356 -0.275057 0.164244 0.249872 -0.005963 0.219302 0.085951 -0.189315 -0.026891 0.194765 0.008563 -0.310638 0.100576 -0.122619 -0.176454 0.169786 -0.095551 0.017134 -0.249402
-0.172236 0.315387 0.113277 -0.269786 0.260467 0.130334 0.117991 0.078393 0.226983 -0.126597 0.138570 0.160907 -0.245994 -0.238614 -0.010597 0.165009 -0.071980 -0.110134 0.262839 -0.251544 -0.274189 0.227838 0.027449 0.106352 -0.074190 -0.120169 -0.272894 0.287497 0.272282 -0.206625 -0.288773 0.255964 0.177141 0.290404 0.249552 0.288636 0.252886 0.282907 0.019162 0.225345 -0.120398 -0.074194 -0.127842 0.091646 -0.294718 0.288884 0.071949 0.150568 0.091992
0.170566 -0.255574 -0.092334 0.198706 -0.199358 -0.121078 -0.074561 0.233302 -0.154500 0.054195 -0.071074 0.033606 -0.261109 -0.204173 -0.030912 -0.143047 0.314080 -0.260932 0.170133 0.087170 -0.042971 -0.019490 -0.184842 0.107560 -0.174361 -0.080876 0.051665 0.214543 0.245802 -0.143408 0.128401 -0.303775 0.255499 -0.146949 0.311974 -0.087147 -0.015934 0.125464 -0.061570 0.143593 0.016995 0.009614 0.230450 -0.057413 -0.162104 0.040470 -0.315510 -0.099248 0.050961
-0.253940 -0.214269 -0.290515 -0.273378 0.284765 0.158385 0.156520 0.248396 -0.222361 0.302434 0.131741 0.185455 -0.273399 0.281416 -0.314983 -0.131244 -0.229955 -0.267148 -0.065489 0.267464 -0.291942 -0.103970 0.233874 -0.276718 0.030971 -0.156595 -0.168331 -0.268925 0.069595 -0.292410 -0.156543 0.015801 0.082141 -0.156268 0.219192 0.262506 -0.193688 -0.129826 -0.258916 -0.281378 0.125681 -0.286496 0.078215 -0.152464 -0.250109 -0.097183 0.032308 -0.206056 0.041657
-0.215669 0.132242 0.121601 -0.071362 -0.070378 -0.075600 -0.033197 0.053820 -0.248271 0.130753 0.108788 0.120987 0.296063 0.097219 0.030140 -0.116227 0.036895 -0.122170 -0.138762 -0.231147 0.191144 -0.254765 -0.099386 -0.273416 -0.113323 0.242947 0.068595 0.270234 -0.310947 0.119685 -0.303533 0.188595 0.082505 -0.251678 -0.019023 -0.045230 0.035341 -0.211136 -0.284167 -0.250544 -0.204993 0.150388 -0.273896 0.124669 0.279103 0.151300 -0.028264 0.066294 -0.126796
-0.003392 -0.187962 0.267175 0.266999 -0.231204 0.073181 0.080860 -0.019077 -0.046776 -0.216563 -0.131535 0.186737 -0.168855 -0.020469 -0.068514 -0.090891 0.145244 -0.208455 0.312868 -0.183103 0.210874 0.264682 0.302640 -0.021281 0.283767 0.299339 0.296560 0.294452 -0.011059 0.011467 -0.312875 -0.159312 0.019455 0.185107 -0.294584 0.276356 -0.169433 -0.194027 0.109843 -0.233538 0.013188 -0.139653 -0.067230 0.155119 0.170440 -0.308374 -0.127135 0.274929 0.315679
0.039669 -0.019995 0.247510 -0.116111 -0.294613 0.029566 0.058353 0.317206 0.131519 -0.171461 0.193173 -0.023867 0.216208 -0.008337 0.063554 -0.071279 -0.035554 -0.088896 0.058145 -0.039799 0.128437 0.081508 -0.256731 -0.306649 -0.088940 -0.097181 0.200922 0.138291 -0.193335 -0.122874 0.108619 0.266057 0.216923 0.103867 0.293183 -0.177553 0.227099 -0.058730 0.262541 -0.124455 -0.064642 0.035023 -0.155560 0.158961 0.066178 -0.125291 0.002684 0.305727 -0.196958
0.219433 -0.211669 0.016423 -0.182886 -0.160446 0.224410 0.245714 0.178048 0.230316 0.133500 0.033451 0.301566 -0.033482 -0.297805 0.031363 -0.068357 0.057775 -0.096382 -0.190884 0.254414 0.236282 0.200428 -0.090531 0.308689 -0.012108 -0.156644 0.089010 -0.175547 -0.237136 0.309856 -0.273294 -0.257152 0.227526 0.261428 -0.086864 -0.080674 0.301278 0.227934 0.075274 0.103883 0.174576 0.199132 0.236877 0.228242 -0.128131 -0.256700 0.082465 0.099249 0.088161
-0.029395 -0.038030 0.033009 0.106671 -0.087089 0.203589 0.060073 -0.098082 -0.093141 -0.036044 0.094456 -0.307643 -0.195501 -0.026374 0.204794 0.133546 -0.061337 0.087830 -0.146320 -0.062417 -0.296011 -0.220216 -0.163940 -0.160460 0.231605 -0.222653 0.071062 0.269269 0.309838 0.144567 -0.121618 0.225582 -0.112167 -0.248766 -0.037891 -0.130253 0.219619 0.206793 -0.066361 -0.174620 0.275293 -0.295850 0.138789 0.014768 -0.268211 0.016682 -0.176014 0.305834 0.194045
