ACTIVATION=sigmoid
0.480003285 0.9524773763 1.060172319 0.9246299323 1.029386947 1.598608469 1.192015901 0.4666320756 1.32987703 -0.6593755891 -0.3272168481 -0.4536370331 -1.438842891 -1.428890276 0.05461295067 0.1744 -0.6196756522 -0.5347236406 -0.9372573135 0.05607105597 -0.9698389414 0.3696076138 1.495404807 0.5165966233 -0.3654245213 -0.5706514806 -0.7268656216 -0.3792212625 0.063103 1.766721118 0.4732224574 0.4564261078 1.91920101 -0.0532135892 -0.7973163268 0.9492735295 -0.8831213443 -0.218056 -1.012959659 -1.583899287 -1.724776912 -1.186117639 -0.7918366752 -1.378636279 -0.928807122 -0.9312830165 -1.04320876 0.5914727473 -0.3437367476 1.390056317 1.285616072 2.031595815 1.501464528 -1.245197039 -1.165777626 0.5572407506 -0.908081124 -1.10213105 -0.9666354704 1.318122114 1.170799724 1.512178363 1.333501697 1.101396671 1.490825118 1.172656232 1.9178206 1.645518665 -0.3175898663 -1.129642946 -0.5476123424 0.6399260166 -0.185270911
-0.3395915987 -0.5810255189 -0.9805943017 -1.132198075 -1.078980151 -1.326499746 -1.061210809 0.7699007179 -0.2311527403 0.8710616802 -0.1180774213 0.8492214362 1.703213018 0.8288236738 -0.3537806613 -0.028736 -1.460909658 0.1227158953 0.2209188262 -1.754079202 1.330267006 1.339699292 -0.7828692008 -0.445503987 0.5583261579 0.1381242191 1.13059953 2.237223838 0.204465 -1.997668011 0.0534065201 -0.2944307385 0.7526279389 -0.1823486193 -1.434939572 -0.2949189374 -1.08450284 0.020863 -0.5733329401 -1.986872604 -2.260328135 -1.925948298 1.221604008 1.827597181 1.385834747 -1.829075915 -1.082990761 -0.2915009152 -0.6944069653 2.034878275 1.86972411 1.965643907 1.852475571 1.111103633 0.8918975069 -0.8754419564 1.493434476 -1.70812796 -1.577729535 -0.6300809962 1.541455305 1.01902922 1.273777256 1.342177767 1.10615504 1.344088253 2.086390513 2.072758329 -1.378476982 1.422309959 1.071286794 0.7697712379 0.04232780609
-0.3359125265 -0.7371246876 -1.345329973 -0.006410487177 -0.6000311489 -1.505802795 -1.290600643 -0.1517764058 0.3329735832 0.4278172742 -1.168707113 0.06981895322 -1.174531511 -1.617099565 -0.1126672323 0.096963 0.6651176362 -0.5216324975 0.8178360369 -0.8874954245 0.4342148016 -2.158069954 -2.098006167 -2.931590763 0.1094082295 1.231356839 0.1742475168 0.6259498555 0.188934 -2.722312907 -1.231670938 -1.94055681 0.9520361045 -1.991665056 1.00426454 -0.03456659668 1.383691447 -0.049494 0.723775396 0.3923337844 1.483745492 0.8834562864 1.22388079 1.623246595 1.206349212 1.470200086 1.298736642 0.418482804 -0.2673643783 -0.9854045432 -1.131737731 -1.641371174 -1.44582922 1.315332828 0.698194667 0.03166176683 0.3733761647 1.008179363 0.5958082608 1.047537979 -1.106975897 -1.219690348 -1.083531938 -0.8141956907 -0.9202942207 -0.8312651259 -1.839724689 -1.622077983 1.086109229 0.9865572797 0.3701091538 -0.1710147537 0.4463433169
-1.414187053 -1.506046604 -1.197090005 -2.59487399 -1.219075748 -1.202693706 -0.1468759445 -1.695494341 1.176820297 -0.4789320641 1.35643753 0.7851342882 1.519833003 1.657559674 0.5670873819 -0.101812 0.7821808051 1.424076621 0.736701957 -2.686794717 -0.3880023887 -0.01607457805 -1.169819974 -0.3659253727 -0.7125697072 -1.776026338 0.1615889427 -0.6138502374 0.041864 -1.977493629 1.062398512 1.748134797 1.907660788 1.807894494 -1.514467386 -1.775641126 -2.200097256 -0.124434 -1.819751212 -1.146449138 -2.147511241 -1.337630474 0.004390129918 -1.786302044 -0.7217519817 -1.346389175 -0.8896622027 -0.4062193132 0.8825484109 -1.574818408 -0.8239466778 0.9415322469 -0.9064484703 -2.089017635 -1.225982561 0.6180653148 1.551876608 -1.893462499 -1.075797143 0.0131318371 0.9467476486 1.179888347 1.033737614 1.134374832 0.7684339763 1.217196047 1.393807131 1.338952036 -1.6699101 -1.523987955 0.7833293962 0.7326802764 0.06135201402
0.3222550915 0.6753099271 1.338578483 0.1360613549 0.9471578369 1.487306944 1.14460127 -0.2371339788 0.9138344192 0.9688294629 0.5238559452 0.6963952108 0.8947546798 1.199745907 -0.6840623383 -0.049105 -0.8095940351 -0.2674338201 0.5621332157 1.920784877 -1.268406128 1.547594533 1.62417189 2.039786639 -0.7312248633 -1.024999971 -0.9421471978 -2.174624393 0.128764 1.971937036 1.026706669 1.301997909 1.107219683 0.0963450541 1.600609337 1.872091576 2.712566989 -0.176807 1.626930034 -2.096520776 -2.093938903 -2.056017428 -0.9435037522 -1.713691823 -1.349971388 1.506644707 1.490872522 -0.4437799512 -0.5928661917 1.571056377 1.409477955 -0.5044833516 1.3652127 1.342736203 1.5228998 -1.033700507 1.502542418 1.149964604 1.14904723 1.714278605 -0.9876471151 -0.7891350841 -1.016930584 -1.067643362 -1.192381363 -0.9253800345 -1.430102623 -1.770734533 1.465833939 0.951216628 0.8257499837 -0.6922069522 -0.1482930383
-0.486449846 -1.286257168 -1.547847757 -1.285604864 -1.443373356 -1.756053025 -1.522608531 -1.623786857 0.5569604351 0.1539450753 -0.1371983745 0.4605112835 -1.327632401 -1.373593854 0.07162853628 -0.15055 0.01693065132 0.3978618141 0.4700424493 -0.6992994293 -0.828755025 -1.42297822 -1.966127396 -3.2950517 -0.6671528575 1.313155301 -1.027471864 -0.5322825777 0.112649 -2.538499438 -0.03276241549 -0.3759971992 1.552174703 -0.02724808425 1.290480133 0.6476036099 1.441993202 0.06317 1.533028674 -2.516187672 1.36208661 0.09381565382 -0.4272637344 -1.720430941 -1.146333023 -1.617010794 -1.58279557 1.207188165 -0.08770479801 0.1550645529 0.2992782792 -0.601518368 -0.4159142382 1.123781508 0.9403157667 0.5337333258 0.8716787397 1.533546074 1.149495541 0.6479173465 0.9738721822 1.288470628 1.064585586 1.126893967 0.8104301362 1.030493296 1.373709044 1.544830688 1.259562418 1.004193688 1.047897751 0.2870599616 0.8788505626
-0.1567801186 -0.003505081628 -0.6299029313 -0.0976443016 -0.4394775776 -1.072662281 -0.9063287503 -0.009623998808 0.4443766261 -0.2043447705 -0.4677911798 0.1340226054 -0.7669624551 -0.9902082355 -0.2459685486 0.002769 -0.6500068145 -0.7007337196 -0.1020715031 -1.173718524 0.755636651 -0.7894746657 -0.6877328972 -1.417173911 0.3027530143 0.5257146641 0.2230091857 0.2154276865 -0.193831 -1.518683211 0.2205042091 -0.1026097545 0.7756372144 0.08645010943 -1.06097291 -0.04095555855 -0.9351666186 0.015067 -0.4628333722 -1.951397635 -1.824598437 -2.037330127 0.7525125506 1.38623993 0.8330604141 1.251307951 1.132285707 0.003227348566 -0.07625542108 1.226622423 1.3239476 1.241782768 1.332665655 0.9763372168 0.7644326232 0.1877762104 0.5785767023 -1.484044463 -0.8532666189 -0.738681007 0.9866687685 0.6022989616 0.6082608176 0.8314251555 0.5829371397 0.7391777214 1.225442661 1.14079282 -0.4193232393 1.127964175 0.915575673 0.662689822 0.2205440333
-0.9406043607 -0.7537343419 -1.686529365 -1.115713816 -1.354220082 -1.613331904 -0.942105204 -1.399287316 1.535345266 -0.09770683132 -0.04170350453 -0.8076393556 -1.635244692 0.0474896734 -0.2518730799 -0.117787 -0.1323982066 -1.403902562 -0.6068331127 -0.09519963871 -0.6812619786 -1.251555251 -1.94654875 -1.702274195 0.08674504564 0.4971722963 -0.8073756157 0.6779123412 -0.187432 -2.598175207 1.44377397 1.953118472 2.452491542 1.089709867 0.3892619934 -0.5060705637 1.486454041 0.175948 0.160045831 1.924496772 2.453042646 2.488719416 0.9926244194 -0.8699902463 -0.5484752031 -0.5577432136 -0.8921076155 -0.3756893334 -0.1725624582 0.05879246297 -1.114187957 -1.077455242 -0.7402121337 -1.305375995 -0.8902097109 -0.2685740516 -0.7897556709 -0.1906827842 0.01821640434 0.2465076203 -0.8098203302 -0.7197754935 -0.725451183 -0.6268226845 -1.836218271 -0.8324590609 -1.629575565 -1.130539126 1.52144543 -1.834329424 -0.001118790588 0.04426033031 -0.2115293572
-0.1901781709 -0.76014734 -0.8793830327 -0.9918815146 -0.9979038104 -1.288175044 -0.7892429434 -0.06200527549 -2.078261923 -1.763824374 0.3406110633 -0.6943572802 -0.07836652912 1.410077356 0.8522815143 -0.175029 0.7914307404 0.82245445 -0.6970605035 -1.54339727 -1.180887742 -1.464829074 -1.946517589 -1.530109607 -0.4727230939 -0.4691696251 -0.6380069764 -0.2108918702 -0.040945 -1.088761144 0.2674435485 0.5861130787 -1.635791924 1.556328966 -1.203788434 -1.932462108 -2.618832882 0.185562 -1.358818236 2.136905318 1.905130117 2.42833509 -0.9523533162 -1.179699831 -1.452864208 -1.338404416 -1.252982791 1.140154437 0.9915116365 -0.01125272961 2.42565525 2.689678853 2.484539853 1.652370068 0.125870955 1.260961792 -1.327835377 -0.7972601575 -0.1153883113 -2.210754293 1.082907263 1.590278481 1.182106726 1.244473731 0.8986213502 1.354937295 1.665750209 1.902914986 -0.9578697874 1.255827519 -0.9460719636 0.7843332512 -0.8611961072
-0.4819592419 -1.466364055 -1.049717765 -2.736730205 -1.309092871 -1.645231936 -1.323498805 -1.188179468 -1.97108464 0.4694387222 1.533890314 0.8741839493 1.710759029 2.48853545 0.5837261571 -0.145579 1.219908675 1.278951531 1.182099441 0.156683196 -0.8000063061 -0.6269912038 -1.795614225 -0.5240090144 -0.4638834903 -0.7207645554 -0.1236191719 -1.033809891 -0.184517 -1.301764754 -0.3881349732 -1.201485783 -2.145851595 0.343055123 1.003710695 0.2627846952 1.07146713 -0.118461 1.095810799 1.354851718 -1.926293472 -0.6292679564 -1.006792848 -1.290969822 -0.982280254 0.1270967996 1.097354437 0.1013245381 0.761152963 -1.313807776 -1.119563563 -1.173640337 -1.223321922 1.041642525 0.9336583732 0.7983020584 0.9247212102 1.037091842 0.9980269781 0.4684935163 0.7693289425 1.344595358 1.025286304 0.8738288016 1.251461176 0.9581510453 1.337225883 1.070223446 0.4818895117 0.9784521138 0.511763555 0.5401305931 0.05491737092
1.364032636 1.505441999 1.323714953 2.682411295 1.668312902 1.873945581 1.179368922 1.211312027 0.3005170651 -0.9786988888 -1.633685473 -0.8169768955 -1.867905832 -2.586610027 0.1799616197 -0.028294 2.205396912 -0.3735065791 0.1708196907 1.454835917 1.10693571 0.3219427407 1.84387974 1.278109057 1.020554664 0.4201112808 0.8679016167 1.729874153 -0.064766 1.406635668 -0.6802509314 -0.7466970777 -1.933744421 -1.050810513 2.185826145 0.9994125672 1.979857306 -0.051741 0.809786079 -1.786471388 -1.594620208 -2.368306396 0.2389702653 1.874267621 1.215829865 -1.021002032 -1.214617921 0.8592662959 0.7511173443 -2.883404041 -2.898898966 0.8937487723 -3.29178035 -1.454911571 -1.164471973 1.743992358 -1.396843072 1.784750456 2.886778585 1.284178951 1.320074839 1.009009959 1.300054119 1.013903278 1.799922552 1.096010647 1.769325371 1.638748095 1.851206037 -0.7487633601 -0.6634059902 0.8318082744 -0.5308776301
0.01446134805 0.2369945491 1.322869648 0.6107092893 1.095719047 1.572163802 1.380917411 -0.4502832582 1.812338727 -0.248643272 0.5140280277 -0.5582284707 -1.394982664 -1.030757736 -0.2143939125 -0.213635 -0.3621784991 -0.6582867705 -0.7177928222 0.3516870534 -0.9410793157 0.4192575899 1.968475791 -0.3017102039 -0.3558985782 -0.8635383829 -0.4419648085 -1.508839012 0.121067 1.790283942 1.4779474 2.125501426 2.205935257 1.602242497 -0.9426931694 -1.142012979 -1.125884021 -0.121973 -1.119380221 -0.3421410497 -0.9309025579 -0.489221041 -0.3752979144 -1.210708304 -0.8060951228 1.340771203 0.8236649389 -0.6353325314 -0.01896624705 -0.002687572238 -0.7325743937 0.5193480949 -0.6930142749 -1.259166585 -0.8900628503 -0.08279776668 -0.5223055584 -1.19966623 -0.8336833573 0.099143642 1.383067903 1.579046786 1.355532557 1.265800485 1.30999208 1.259010897 2.135646734 2.148361218 -0.3999585158 -1.433992983 0.1970408332 0.4430816337 -0.1105319259
-0.2704559644 -0.2809551658 -0.5978413175 -0.7827874283 -0.7721642588 -0.769443957 -0.7880698368 -0.4921217148 0.2785069963 0.3555129428 0.2568840592 0.4031886777 0.7163795115 0.3630258409 -0.1204572391 -0.107548 -0.6730251331 -0.2858417627 -0.2348271893 -0.6676612653 -0.1091304572 0.05137909746 -0.8295114148 0.1834420356 -0.3439812599 0.2528085191 -0.1733755058 0.2382169041 -0.011395 -1.241566148 0.07717220112 -0.04495637223 1.339117761 -0.5317139652 -0.8629019527 0.2027024894 -0.6169166918 -0.141143 -0.05122446435 0.2557576113 0.7414617716 0.7960842143 -0.3363702702 -0.1472256504 -0.06482831598 -1.04714912 -0.6824644962 -0.199736493 -0.1359660585 1.003794752 0.97703436 1.35542492 1.328945336 -1.050644064 -1.141821903 -0.5899883733 0.9200269982 -0.360977698 -0.5878093482 -0.2561988011 0.2460895237 0.1422808859 -0.1725464153 -0.1281416633 -0.1952298031 -0.09795371652 -0.1006302341 -0.01941687111 -0.6383227137 -0.6319545267 0.6002684487 -0.09098126635 -0.1730977124
0.6223065214 0.1383818444 1.59874443 -0.3976494181 0.9723095081 1.289963441 0.9310896999 1.017095721 -1.06154761 -0.9782129816 -0.04725096406 -0.3782018849 -1.628911184 -1.160191085 0.1905939947 0.089335 1.419100394 1.120779461 -0.7937898432 2.149519821 -1.174607849 -0.1759997571 -1.191724838 0.9190172484 -0.859778556 -0.08294336701 -1.081207095 -0.8494091405 0.165419 1.215574117 -0.9545948166 -2.044330892 -1.827503389 -0.6800831719 1.570105229 1.851229419 1.581857449 -0.019176 1.459484366 0.2311197346 0.9809990917 0.5208212644 -1.396319286 -1.485150847 -1.333515472 -0.7427729628 -1.31931404 1.469386169 0.8441896422 1.285579576 1.533700489 0.3515577741 1.50287459 2.198411754 1.499351499 0.1103762399 -1.430620829 1.811803709 1.142009653 0.05093964222 -1.452088399 -1.001503031 -1.416318845 -1.360097979 -1.149953359 -1.467436452 -2.387251181 -2.109149446 1.241343787 1.8647176 -0.7058878681 -0.8714459846 -0.1562612652
0.4972778476 -0.7217232841 0.3276457071 -0.9691239305 -0.4626332866 0.1350223039 0.09087957089 -0.386682081 0.4631406626 -0.1018879424 0.8132654802 -0.2762137683 -1.825094036 -0.327212264 -0.1412465037 -0.101541 -1.054851017 -1.371824187 -0.6687463146 1.747910932 -1.579887215 -1.20902292 0.2293272695 -0.6293217953 -0.7959592035 -1.064128197 -1.318141632 -2.171804105 0.067809 -1.05915637 0.6133507198 0.5909381958 1.006094641 1.064413193 1.721880787 1.606563393 2.367120413 -0.08151 1.783123479 -2.128577701 -2.111254955 -2.604615925 -1.291438516 -1.492901651 -1.520516231 1.935723314 1.527891527 0.1211993577 -0.2600514553 1.165056112 1.358018911 0.8328687452 1.614897669 1.272649132 1.129376709 0.465874119 -1.172674868 1.292969148 1.00622038 0.5363982541 0.7134511016 1.076277698 0.2328032882 0.517068713 0.181182937 0.6253668872 0.4573851751 0.9380182136 1.294810377 0.8520574831 0.2425241013 0.4606901996 0.1054150231
0.530462014 1.194395724 0.7615355014 1.446051818 0.6798694921 1.316070872 1.175313107 0.9084142558 0.8294822241 0.7865106947 -0.4740772723 0.4600869753 -0.8774726717 -1.646094582 -0.4515710183 -0.026907 -0.9100149899 -0.708001434 0.5196514787 1.701080323 -0.4707744165 0.8983275782 1.371657569 0.7426330227 -0.145159369 1.405485215 -0.7579929763 0.9752419082 0.183218 1.649051719 -0.4002059077 -0.8193097332 1.57250963 -1.2084291 1.456996307 1.939496742 2.538185856 -0.039238 1.842708932 -0.2037525272 1.893664991 0.8919781239 -0.2481970957 -1.088618709 -0.6685627684 -1.152517693 -1.02723728 0.09644001011 -0.6559442912 1.504693025 0.1862602315 -0.5325787219 1.162318864 -0.9133378365 -0.7018619439 -0.6062365925 1.097819169 1.897107001 0.9513992131 1.63242049 -0.7518142724 -0.678394381 -0.9804002597 -0.7428596159 -0.5156848552 -0.8604525333 -1.19011187 -1.198412589 1.482966271 -0.7441503589 0.8883775524 -0.6692456479 0.03733688562
0.1806109887 0.194483222 0.7480260208 0.3884140402 0.7451939913 0.7176575896 0.6237160002 0.5548599963 0.1057405681 0.3559038595 0.4838673443 0.8877951613 1.080603125 0.6035513783 -0.1063689467 -0.052566 0.3546995315 0.8326112578 0.9145301379 0.8146071448 -0.05731737482 0.8921350587 0.9252269772 0.9771562387 0.2905996184 0.2394601546 -0.1143065871 0.6138534064 -0.063427 1.0796755 -0.5259913467 -0.7244392306 -0.09719953204 -0.6927898922 0.5097323841 0.735112206 1.167655815 0.05055 0.7083537212 -1.075850408 -1.16097859 -0.7991826789 -0.2974217593 -0.3631674176 -0.2519639891 -0.7559277132 -0.1201537008 0.2790263342 0.07750444777 0.7445881076 0.6623151948 0.3044034779 0.6352534367 -1.120806057 -0.757608105 0.3194440022 0.7316865875 0.7725090224 0.4969347973 0.9404523132 0.2561998907 0.4757037131 0.5028899224 0.2554387166 0.9358469215 0.5076862986 0.359514271 0.3003642896 0.5029710739 -0.333636978 0.7541708427 0.3836826062 0.05624088837
-0.8737216245 -1.15305568 -0.6540776163 -1.993922014 -1.153333459 -1.265984872 -0.8831599274 -0.7345799749 -0.9495644439 0.2455552349 1.140042122 0.7060978816 1.535695366 1.461543576 0.2966097713 0.01595 0.707865547 0.8095054189 0.8038277324 -0.3880687854 -0.5920127049 0.1115389771 -1.436358985 -0.3807377234 -0.3807972737 -0.03713172434 0.03357511211 -1.305759784 0.172672 -0.7653384781 -0.2401884381 -0.4291703066 -1.506803745 0.04341982205 -0.3167041838 -0.5424858084 -0.534105771 -0.097591 0.1502889165 0.9675373733 0.1721527401 0.5972374383 -0.4279781225 -0.6867308648 -0.9641075819 1.136990749 0.9916163436 -0.05833212807 0.387954004 -0.104754314 -0.1904423095 -0.3539420217 -0.2921866036 0.4509572074 0.2507624509 0.03622090015 0.8860267972 -0.04895494145 -0.03645895497 -0.8305371809 -0.7154878063 -0.5713470032 -0.3687468971 -0.5689541553 -0.6048517306 -0.7884390178 -1.183323627 -1.094121896 -0.2045820315 0.7089211499 0.5576827964 -0.1319028602 0.1451111145
0.2582507831 -0.2314778262 1.048130653 0.1396240405 0.7700756187 1.089911805 0.9893680161 0.4404873241 -0.2259060205 0.4394885931 0.8464575805 1.093697469 1.219150003 1.361798448 0.4521444819 -0.006129 1.397502243 0.6947484644 1.463779966 1.225825352 -1.449138567 -0.2630716261 1.011546364 0.4069537549 -0.3071076706 -1.158425998 -0.2583165676 -1.965286642 -0.220604 1.590624433 0.1182984084 0.1381232033 -1.400764517 1.24510812 1.12575467 -0.07249043871 1.421837238 0.057724 0.635198478 0.6371207007 -1.707557492 -0.6286976976 -1.269739849 -1.299631196 -0.9204802742 1.123071902 1.195209423 -0.6315968454 0.2934081531 -1.356915577 -1.41813928 -1.810425854 -1.581775548 -1.618280832 -1.186293469 0.5586468955 0.2657479711 1.170442653 1.326200078 1.2229992 1.134410912 1.133999439 1.093086061 1.082254546 1.066141301 1.029654768 1.827301431 1.579194885 0.9993738422 -1.007124749 0.0003137972674 0.3850927003 -0.1256974244
-0.2661133643 -0.3437417741 -0.9089580913 -0.7999609631 -0.7162314735 -0.7705720377 -0.6620957255 -0.9032923757 0.7647065846 0.1180196421 0.7562260933 -0.2972964608 -0.2637616257 1.220639849 -0.3022060739 -0.096699 -1.255747907 -1.122267942 -0.6075687621 -1.061514768 -0.8095716253 -1.218213244 -1.140899709 -0.7997532668 -0.7765681787 -1.276375026 -0.5116764966 -1.880215166 0.192032 -1.396159015 1.471547577 2.228016808 1.907011838 2.04261165 -0.239827974 0.8220598808 0.3617237472 -0.164546 -0.01360766074 -0.6070849149 -1.679447188 -1.243029873 -0.770950246 -1.253723888 -0.8458464723 1.769092459 1.428516713 -0.7660536004 -0.4615182803 1.68394634 1.698666429 1.947462228 2.099018162 -0.9882284227 -0.9320617319 -0.290576106 -0.4810436209 -0.9137626402 -1.341786197 -0.7916243156 1.490144397 1.389372799 1.130155427 1.472225518 1.183158765 1.461817592 2.373340059 2.174373299 0.1777087529 -1.300323648 0.1387609077 0.1645002837 -0.1443623152
-0.381510129 -0.6202695968 -1.193327327 -0.7510200887 -0.4094410524 -1.515439188 -1.252126131 -0.3639715064 0.5813960505 0.5421594308 0.2266038458 0.4310462867 0.6954657895 0.1601687634 0.5441548021 -0.221066 0.799614134 0.2014406824 0.7176136147 -0.4285088377 0.5406321156 -2.067428934 -2.107988477 -2.380202298 0.5027284463 0.624807177 0.6098398202 0.6081336352 0.131909 -2.673005076 0.4858658525 0.4408835453 1.402945716 -0.800597125 0.9900100323 -0.4325886115 1.108123202 0.182623 0.7504524093 0.6708137808 0.9208058126 0.8217553837 0.909433796 1.474290845 1.194573565 1.241027604 1.313643268 -0.3354792014 0.305126566 -0.9716294185 -1.491569743 -1.878001017 -1.638192068 -1.672857527 -1.467832585 0.05749881662 0.6918496347 1.068363786 0.7563861141 1.044948732 -1.058928709 -1.289471859 -1.026563358 -0.9032855996 -1.154271785 -0.9257928936 -1.644836985 -1.727855346 0.9279503612 -1.413892657 0.5456927133 -0.3837443661 0.3442625531
-0.2568559564 0.04455957967 1.507688837 0.4051031714 0.8685580244 1.541351492 1.2962298 0.122705662 -0.5558029089 -0.07169594403 0.8064458044 1.102919809 1.797764239 0.908299119 0.231150197 0.121363 0.3934221056 1.055960916 0.3764349974 1.796605704 0.2140363748 2.454553962 2.109772045 2.39646383 -0.156856558 0.9289522561 0.01037706095 0.3310652253 -0.121017 2.701536882 -1.07432371 -1.5498524 -1.585988781 -0.8161813286 -1.125904445 -1.2390897 -1.45932066 -0.029572 -1.178653364 2.220177042 2.413148771 2.682967173 -0.7228812985 -1.069257754 -0.6864972367 -0.6113217484 -0.6484562652 0.2739530103 0.5706174799 -0.908030823 -0.6795035634 -0.03349704994 -0.9731359081 -0.5796707437 -0.8226870847 0.53577868 0.8076894326 -0.9136742737 -0.8135816234 -0.2624517591 0.5174466035 0.7513878949 0.7154495287 0.4852746836 1.212197894 0.517819528 1.017913773 0.0811712956 -0.8595121319 -0.1656732376 0.01355268471 0.4967087589 -0.3099990782
-0.4192286332 -0.647829189 0.8821426603 -0.4043329634 0.1501842547 0.2934110166 1.362925031 -0.6461975284 0.9161126634 -0.03566851477 -0.06635349471 -0.7135850373 -1.437976064 -0.04770007716 -0.3370279381 -0.103686 -0.7922914182 -1.764470317 -0.5997782788 -1.512336133 -0.8049636917 0.08750384392 2.661626774 -0.988664772 -0.6702028991 -0.5231070329 -0.6156851285 -0.414804054 -0.130412 0.5322806383 1.499131634 2.007128731 1.745480102 2.093871922 -0.8251299355 -1.410902667 -0.7261923509 0.156366 -0.7890752038 1.501272862 1.92857101 1.710424282 -0.5127028622 -1.069881419 -0.7542352453 -0.5852514237 -1.111181018 -0.5611055875 -0.6067163764 -0.4097336805 -0.4436908635 0.0169772895 -0.6407418548 1.664109408 1.311971641 0.1950404681 -0.838259356 -0.6993356105 -0.675507663 0.2574738274 1.604821423 1.721797269 1.692686173 1.738995455 1.41553632 1.591656851 2.513769413 2.662473925 -0.05552604438 0.9701932082 0.1334489398 0.6936205814 -0.4080418712
0.9035056536 1.278935289 0.6808553302 1.443676216 0.6329631154 1.028446764 0.03297873784 1.620041848 -1.443019575 -1.190844069 0.3632064035 -0.5699497092 -0.1463828791 1.274426605 0.5919248957 0.190305 1.389927008 1.435329321 -0.338737528 2.314562393 1.31014513 -1.988565431 -2.326962369 -0.5526415721 1.039945567 0.2645423746 0.9226961413 1.767914104 0.165718 1.136959808 0.2574956473 -0.1774147964 -1.60342694 -1.00226848 1.398335763 1.941991619 1.507486257 0.195928 1.423011713 2.094175185 -0.271964691 1.085436394 0.8462661078 1.601073714 1.108083154 -1.205606224 -1.172687456 1.047717714 0.6386074847 0.904044433 1.011885836 0.4948779852 1.332361397 -1.089096441 -0.6968573836 0.5948802033 -1.262677805 1.801476797 1.098582291 -0.5477484936 -1.323045361 -1.638244311 -1.183519993 -1.288749664 -1.208179728 -1.364244203 -1.970976568 -2.33594095 1.217516946 -0.9297888802 -1.131766088 -1.01659019 -0.7055814696
0.2142657823 0.8237538257 2.069055833 0.6786006383 1.185116841 1.636097987 1.395531672 0.6944150632 -1.362477783 1.313735949 1.752134548 1.288696999 2.239563251 2.111399303 -0.7569021815 0.175752 0.4828796785 -0.08051140832 1.507232956 2.628799844 -1.119675742 2.514055448 2.06465027 2.774839103 0.3894141168 -2.102573243 -0.2951938891 0.5358357168 -0.207622 3.148521507 -0.345995963 -0.6565472764 -1.758290506 0.5253327251 1.742686634 1.860717551 2.1894185 0.074227 1.570356929 3.000579731 -2.480736945 -1.116329703 -1.874175659 -2.41488077 -1.368958391 -1.155358913 -1.246422306 -0.1757440896 -0.4278147918 -2.153032296 -1.714700417 -2.331977319 -1.684206078 1.856608865 1.524681593 -0.4505831514 0.0646314526 1.680338604 1.841345272 1.542001456 -0.9276574085 -0.9349592255 -0.9607480137 -1.000877053 -1.15426066 -0.9942254769 -1.276587886 -1.397034663 1.392082579 1.841837195 -0.5324243547 -0.727806213 -0.9710801071
-0.398648799 0.01621719056 -0.04865799546 -0.2157758876 -0.1372686013 0.05825729573 -0.01389668089 -0.09546659925 0.2901029944 0.1037450156 0.2928294751 0.1549058833 0.4871626091 -0.2296789302 0.09863473536 -0.029335 -0.2128699906 0.07199491154 -0.1063986827 -1.111840839 -0.2726673831 0.384985674 0.02426824309 0.3133087609 -0.2998239221 -0.1842105121 -0.1910139586 -0.1999671448 0.222373 -0.04195540749 0.3904365517 0.2353933174 1.059469891 -0.1941863498 -1.043062337 -0.3310011027 -0.9817405892 -0.123316 -0.7135091313 0.2559779209 0.9976257734 1.137843558 -0.4076890384 -0.5931504396 -0.4124471219 -0.6485787166 -0.4590983889 0.06614053412 -0.3402738077 0.6317044415 0.7743200116 1.135449477 1.02388256 -0.6638035639 -0.6704740288 -0.5160895634 0.5084715235 -0.8996635341 -0.5358638494 -0.431815671 -0.2530591734 0.1789119167 0.01256212947 0.1233761974 -0.2566816319 -0.04212064613 -0.1351897278 0.08252966421 -0.8529884339 -0.82915912 0.3173715257 -0.1047191304 -0.2842311105
-0.196321137 -0.583305962 -0.5877201184 -1.136116512 -0.3533172386 -0.9475105478 -0.9762564136 0.2712455689 -0.1453980281 0.363098333 0.9231757399 0.818873995 1.376217903 1.696327134 0.3389440143 0.024008 -0.2486307654 0.7797935911 0.6720560499 -0.6082218451 0.462500589 -0.5901338863 -1.330906723 0.05759310768 0.5421152485 -0.1223988027 0.3994755637 0.3644421674 0.178902 -1.396689508 0.122313225 -0.03536619739 -0.5003054248 0.02833494053 -0.5432113096 0.4682211935 -0.2058633465 -0.218918 0.1761056455 0.4431771268 -1.82220054 -0.3885166582 0.2290211699 1.22930736 0.6431479 1.105557747 0.9993561484 -0.4255695278 0.2544970943 1.240572841 1.01055094 1.055589387 1.319617717 -1.291758886 -1.20252905 -0.1215488387 1.022218019 -0.9009855416 -0.1816580308 -0.8049090873 -0.1161099846 -0.550994603 -0.2082260963 -0.1207515757 0.05115442395 -0.1947744372 -1.182323031 -0.9399968527 -0.1560147983 -0.5672852608 0.512719851 0.273211388 -0.01971381
0.1765319297 0.3609593534 -0.6383464888 0.8733843892 -0.4187979665 -0.6619286152 -0.918787859 0.423528871 -0.1820682304 -1.240562526 -1.734048478 -0.8413643391 -1.644982568 -1.269742011 -0.8696905965 0.214416 -2.171850164 -1.437429316 -1.22415912 -1.092924222 1.601345805 -0.8282057331 -1.246131846 -1.10734286 0.4107052269 1.680139309 0.1976935079 0.3502616144 -0.143428 -2.07341656 -1.478463542 -2.091623735 -1.402140357 -3.081833612 -1.448767087 0.7387625025 -1.642585743 0.15024 -0.6727764486 1.371636481 1.588683379 1.54936178 0.6918973683 1.996592618 1.573314847 1.504803041 1.704102667 0.7326869101 -1.265310662 2.104275852 1.504626 2.138163212 1.735979033 -0.9535421718 -1.720077468 -1.126184666 -1.276334498 -0.8117084436 -1.717550466 -2.353815791 -1.079529867 -1.30923648 -1.266809371 -1.141195363 -0.733604683 -1.290800135 -2.216498451 -1.893914489 -1.254454174 -0.06922294905 -0.5193275167 0.6889685917 -0.3892811693
-0.1614369172 -0.5860675478 -1.011093656 -0.8955238951 -0.9487072549 -1.024230908 -1.072342941 -0.7438915043 0.1648389528 -0.347891525 -0.2948124199 -0.5501216797 -1.075265169 -0.5080628218 0.03097970901 -0.000764 0.933111348 -0.4585927336 -0.5858640404 -0.5824436906 -0.3290848054 -0.9516143491 -1.12372749 -1.368932449 -0.3932693206 0.08317372221 -0.3526445509 -0.8059514858 0.185887 -1.598258627 -0.05973124513 -0.3815716934 1.398936048 -0.2116166148 0.8992283639 0.5182532013 1.045424829 0.208926 0.7094665254 -0.7002480427 0.08146210524 -0.6864697574 -0.3411175176 0.07820226507 0.05301550971 0.722440286 0.4653049172 0.3673210199 0.05516227634 -0.4620109339 -0.2420385458 -0.1373083251 -0.04516811024 0.3181431437 0.5153324277 0.6036294025 -0.7652353476 1.004535254 0.5981306773 0.3204618019 0.2288819436 0.6343208637 0.4743484215 0.4223603731 0.3663944343 0.2226427391 0.514542128 0.9104750852 0.7566136088 -0.1244599876 -0.5380259509 0.2874810378 -0.05580253502
0.4486343897 1.576487001 1.424639299 1.805514337 1.676935744 2.021774899 1.294339789 1.373336811 1.776408601 -0.617205672 -1.796161127 -0.8277551521 -0.9620677301 0.8220696167 -0.08854243352 -0.170971 -1.134505087 -0.5929258713 -0.7066629717 0.3661224181 1.04835397 0.7513258129 1.872307954 2.525543158 1.086014693 -0.7651627271 1.105259085 0.634706023 -0.127301 1.6624338 1.991834653 2.724952161 0.2248279335 1.045748211 -1.011336793 -0.2158211709 -1.475934359 0.116064 -1.295882779 -1.432677848 -1.846929049 -1.259145289 0.7393487143 1.803310668 1.698948568 2.347578462 1.985143067 -0.4441695393 -0.09829322914 1.871492436 2.347818236 2.243283052 2.649536111 -1.42754158 -0.7280099965 0.001158965378 -0.8648588239 -1.395693724 -1.014018218 -0.3984499878 -0.6947656057 -1.378916635 -0.9549984857 -0.8897883692 -0.7743836882 -0.9816807069 -1.418566633 -1.527289655 -0.6924344457 -0.8485354835 -0.1240038163 1.18398878 -0.4726634331
-0.4571676776 0.8201804385 1.411862142 1.089719132 1.450515069 0.9369042514 1.878765441 1.282847801 -0.2093464634 1.063603866 0.8677501018 1.147033666 2.058206445 1.429069524 -0.3500078241 0.115777 -1.182104628 0.05059286756 0.6273143266 -1.497333216 1.112711262 2.782671108 2.421839857 2.150852328 0.8964657757 0.5884554966 1.252111854 1.153844877 0.18768 2.814361536 0.141926053 0.4525656695 -1.877449511 0.4908238489 -1.080504224 -1.629953872 -1.179471794 -0.202699 -1.082178135 1.897034195 0.00197886007 2.480592121 1.118715937 1.576840686 1.584415079 2.077169953 1.77493782 -1.223127212 -0.6882901962 -0.395854261 -0.3923372859 -0.9903337627 -1.476542093 1.72749868 1.141173083 -0.8980552917 2.323484794 -0.9677917885 -0.8670933315 0.1402582146 -0.9319767047 -1.171032194 -0.929407525 -0.693524713 -1.018936623 -0.7524440488 -1.484405474 -1.308693425 -0.6688968706 1.694556264 1.329867189 -0.4341384799 -1.005041001
-0.6108785799 -0.9543353665 -0.9181640603 -0.9756605643 -0.2120789708 -1.051453408 -1.085954267 -0.1689100334 0.2416652528 0.05743754888 0.9109681826 0.8975824698 1.55288945 1.46945938 0.5344070433 0.069596 0.3805725019 1.031472537 0.9765299051 -0.8830536312 0.3099954367 -0.6233167808 -1.309847419 0.250823857 0.437164426 -0.1167473767 0.7491723931 1.425046993 -0.027556 -1.878058909 0.6409797914 0.8730591715 1.059278206 0.2504746058 -0.8270563335 -1.069393612 -1.448337163 -0.062202 -0.737321697 -0.1646361535 -1.489088514 -0.6921176684 0.5636191876 1.078429812 0.6228680493 -0.0774745621 0.3356915898 -0.3020597373 0.3157378547 -0.4125963044 -0.2852883116 -0.1383419126 -0.1812117299 -1.293667849 -0.9902082533 0.1186253674 0.8781685785 -1.309242672 -0.1664033149 -0.3721988979 0.2786783126 0.2840710869 0.5907824139 0.2933275259 0.4945159718 0.322346648 0.4616590781 0.4320991789 -1.043536149 -0.7067814534 0.689752292 0.1851084387 0.03018109356
0.2633931556 1.077757186 1.166319668 1.805664198 1.475146768 1.745377045 1.355110153 0.8429811821 0.3444440445 -0.2326097638 -0.3010526602 0.7125426363 -0.07247820872 -0.6629876969 0.07191357915 0.129649 0.766669394 0.8070593488 0.5223840462 0.8257576565 1.326758117 1.300247273 1.903407349 1.896999411 0.8626462377 -0.2709771629 0.8604833958 1.256352047 0.05843 1.870825787 -0.4323802411 -0.5238337522 -1.466836327 -1.034074314 -1.04158354 -1.258870385 -1.440126192 0.191175 -1.299939824 -1.435407882 -1.64680848 -1.607830467 0.9410271072 1.819634724 1.34206115 1.683473705 1.309925948 -0.07334224245 0.4028453481 -0.7952115076 -0.8064871432 -0.1454454031 -1.553655046 0.8977904168 0.07505394245 0.7203358022 0.6869869808 -1.503778294 -0.4999931767 -0.1085172676 1.241213506 1.028212232 1.411551673 1.07920575 1.524430076 1.224984005 1.881815577 1.809232904 -0.6587300678 1.564468866 0.5210604387 0.6821125525 -0.4245046765
0.07462969922 0.3471838763 0.4029637372 0.6493428001 0.1976130729 0.4048561142 0.2455276515 0.5469710742 -0.02365536776 0.3944303796 -0.02961922994 0.4719024866 0.500186021 -0.4198228011 -0.262845903 -0.077109 -0.4891566606 -0.2304200174 0.1717282016 -0.1278523435 0.6534758015 0.6606965994 0.5694504234 0.4357095484 0.3170405901 0.8355903879 0.3025786465 1.697524043 -0.159349 0.9586516976 -0.3542725226 -0.3839722668 -0.0119137851 -0.3647672733 -0.2846652901 -0.1507375261 -0.2714715945 0.133392 -0.2283724971 0.1676013699 1.303803398 1.116956932 0.7953209447 0.6545063511 0.5798095083 -1.008102653 -0.7434608251 -0.07773721064 -0.5464045711 0.04187863346 0.07934556473 -0.1334024567 -0.2382699427 0.2096804123 -0.008734220976 -0.4261529142 0.9034830933 -0.2056993599 -0.3509487178 0.1194773582 -0.2209104421 -0.4990758249 -0.4292076808 -0.4694869275 -0.3709548879 -0.01279445465 -0.1911262593 -0.4418798899 -0.216565714 0.1222043878 0.6171439473 -0.4096361546 -0.3032222625
-0.09884044667 -0.883825555 -1.125502918 -0.4965012358 -0.7562402515 -1.459707843 -1.4849012 0.7868267258 -1.429807834 0.05240225215 0.8273564448 0.8927696191 1.522563134 -0.6943427268 0.1458281382 -0.187456 0.4718430049 1.097431418 0.6986464762 -1.161156908 0.6216576092 -1.50225327 -2.21593112 -2.691798751 0.3230241223 0.3531920218 0.5237619872 1.883523574 0.139049 -2.144693532 -1.185746172 -1.650753567 -1.522732723 -1.143369242 0.8431596196 1.254396747 0.8718680415 0.025373 0.9957704322 -1.793465751 -2.227969023 -2.219427812 0.7275280373 1.440059754 0.990381694 -1.037211889 -0.6996599804 0.2337647696 0.4480694152 0.9070479807 1.337105177 0.7840559291 1.561456757 0.6583095818 0.6169598226 0.006600408521 0.6200774978 0.8605382972 0.811884666 0.09114269328 -1.212288757 -1.113247022 -0.6016473 -0.9359290091 -1.06604466 -0.9864380278 -1.942194111 -1.896717841 0.2796892612 1.088467132 0.3090632971 -0.0827459897 0.235415276
0.7736470304 0.6797432881 -0.5576993165 1.448137788 -0.4165300772 -0.03674972605 -1.122085302 0.6618941771 -0.5233091311 0.1608730013 -0.9455557609 -0.1759943383 -0.9493158922 -0.7226734113 -0.5355591103 -0.124213 -0.8566150358 -1.196933049 -0.2439974326 -1.097532522 1.050541484 -0.8374254959 1.823066368 0.06264754532 0.7792245533 1.611112844 -0.3897246896 0.8622123492 -0.017725 -1.036708072 -0.824659512 -1.194154527 -1.147147363 -1.095752574 1.173290317 1.672722635 2.428629866 0.196595 0.4523982538 0.5502054534 1.515734599 1.011871066 0.7716471615 1.916070196 1.300962538 1.437849936 1.081276619 0.03747948787 -0.3640606632 1.676727755 0.6778369042 1.383333303 1.464849032 -0.9965061891 -1.061887473 0.06487313596 -0.4679365593 1.362108492 0.3302631347 0.009799815594 1.626051684 1.39059361 1.405340877 1.573567684 2.032021395 1.48466279 2.547203055 2.292119553 1.566850324 -0.6588032628 -0.2019400668 0.6945434568 -0.1522612647
-0.9528293955 -0.8571129585 1.541817186 -1.855541555 1.080582494 0.581431217 1.608173914 -1.019962311 1.332843832 -0.271826223 -0.07172992988 1.056561044 0.8349259369 -0.3970841605 0.2630292433 -0.214106 0.7932682986 1.532192544 1.141558717 2.297003995 -0.256401605 1.725944989 -2.158313568 0.7704122715 -0.6757171125 -0.6866884283 -0.2201337347 -0.7442165588 0.033362 1.538032805 0.04764547167 -0.06771256583 1.691852902 -0.7982407367 -1.650936634 -2.021907254 -3.130544898 0.196689 -1.295726109 -2.555905835 -2.255552457 -1.999314311 -0.4074295608 -1.830916064 -1.1245969 -1.692412637 -0.363301631 0.7747923946 0.5488320742 -1.67558907 -0.7006749174 -1.254639642 -1.445908388 1.234968534 0.6772859031 -0.2200164329 1.451973681 -1.735062313 -0.4718475299 1.458780513 -1.663700159 -1.336709353 -1.620616233 -1.702786698 -1.379411445 -1.541436711 -2.41672577 -2.341993229 -1.72069056 1.00544724 0.6641468843 -0.6384129211 0.518538259
0.1161657004 -0.6091127074 -1.050812412 0.08581344857 -0.6663690103 -1.243422872 -1.281067155 0.6275979489 0.3558916172 -1.065138512 -0.03878019295 0.1026615709 -0.2337981722 -1.104988082 0.5913412064 0.169507 1.436181572 0.6417283038 0.7795495415 -1.841168426 1.086799084 -1.951737175 -1.783859651 -2.570891195 0.2371213709 0.03866420288 0.8595126241 1.947022739 -0.152948 -2.439253242 0.6042481085 0.5359342145 1.179673046 0.6126646219 1.190272478 0.079541448 0.9113423083 -0.031938 0.6683654442 -1.927467241 -2.022750207 -2.176047437 1.118352402 1.756124165 1.364980115 -1.108594468 -1.296755108 -0.009430301629 0.5527147401 -1.764220982 -0.5874731102 -1.448384275 -1.097853552 1.327466083 1.144391379 0.9433299343 -0.03583328738 0.889961065 1.237222854 0.6044573835 0.9031458537 0.6634733307 1.001188058 0.7372140899 0.5385367784 1.010069406 1.495323482 1.181203724 1.035854117 0.8696060057 0.06605324863 0.5429849073 0.09937145099
0.04514914374 -0.0002494570722 1.675410603 -0.3691975238 0.6264655015 0.3980601647 0.9759115154 -0.4292538373 -0.6595622385 -0.9488583429 1.123879692 -0.1425182313 -1.071406673 0.4576473767 0.4451073494 0.14448 0.292361514 -0.5355906097 -0.8160897385 1.003176314 -1.454830502 1.176696043 -0.5063375988 -0.2269278355 -0.7455022321 0.8777176082 -1.230919542 -2.315935608 0.009972 1.798829332 -0.6433104323 -2.749218637 -1.607984764 -1.288937262 -1.266070585 -0.9648403455 -1.751858807 0.184048 -0.6013836084 2.240328659 1.915337062 2.043141957 -1.352939159 -1.680299153 -1.516219039 2.16382065 1.809819081 0.7216233555 0.8117288982 2.429058935 1.777389894 1.986594941 2.379734396 1.893659064 -1.304958287 -0.402911308 -0.8161833191 -0.7507196039 -1.972233535 -1.31181927 -1.356575489 -0.8501673581 -1.163549423 -1.202401932 -0.7627005818 -1.11753045 -1.942686542 -1.959937445 -0.9126404177 1.830313688 -1.842631039e-05 -0.006887015893 -0.3596177317
0.4185229646 0.2038217853 1.191182516 0.9440531747 0.4533964102 0.813703145 0.6214095255 0.4289255933 -0.9592552766 -0.5206696439 -0.1602787067 0.9043498344 -1.088056082 -0.9956257021 0.3029171725 -0.140443 -1.006194351 0.5585304252 -0.2034762654 -0.190970135 -1.841010788 1.276432317 1.368418809 0.9104384576 -0.8563274172 1.019331163 -1.311636448 -1.93666859 -0.137372 1.708373969 -1.577480332 -2.501773279 -2.175947877 -1.90719023 -1.169091131 0.7927276308 -1.411794963 0.214803 -1.294875697 1.398281817 1.112324202 1.171021698 -1.92288118 -1.849619143 -1.297651049 1.435425566 0.9419462164 0.925479665 0.1644871613 1.475015611 1.065485904 1.734158884 1.495059639 -1.779996113 -1.655823925 0.2751672327 0.2841861118 -0.5929095998 -0.7562215411 -0.9712084022 1.157211024 1.343126399 0.9631843952 1.025767051 1.817181256 0.9386835061 1.451698166 1.158825076 -1.092013733 -0.916169612 0.7098031445 0.8023127345 -0.0004729991421
0.3784132976 0.7981926031 0.9385742861 1.276969719 1.252067264 1.514512108 1.075330556 0.8816974816 0.9322587294 0.1472590412 0.2730631277 0.2176362196 0.3165192828 0.660750721 0.3401024491 -0.187624 1.190168536 0.4953330511 0.8510743466 1.529645347 0.7313915122 0.03368483308 1.197106514 1.490062439 0.8097025192 -0.7815962642 0.7682621146 1.002592043 -0.045965 1.369343149 0.9233196944 1.091959402 1.210977762 -0.2367839225 1.225180383 0.1580958315 1.259043107 -0.197502 0.4454559359 -1.361638173 -2.338423453 -1.795570136 0.6728263432 1.209346022 0.8459429324 0.5410360093 0.1342877909 -0.6804699406 0.297873717 -1.577440427 -1.944373682 -2.53137527 -2.312732407 -1.787316265 -1.647802251 0.9090176738 -0.4587061424 0.8107280331 1.4793347 1.272837624 -0.804349616 -1.183530331 -0.9850794072 -0.8035357346 -1.009787548 -1.043359206 -1.460660575 -1.676367957 0.9448833895 -1.249445219 -0.2079652428 0.3240176342 0.0397890313
-0.2550659735 0.09338243576 -0.4176381441 0.444603487 0.2533457869 -0.2475663631 0.06569618432 -0.5108281967 0.8188440463 -0.04245621833 -0.7916475493 -0.7421441607 -1.293379896 -0.8961064908 -0.3158482474 -0.082368 -0.1935505438 -1.030658892 -0.8079284113 0.04768342696 0.06239051746 -0.4667842654 -0.4521955355 -0.4822576834 0.08959683495 -0.308398511 -0.32313164 -1.462824844 -0.079801 -0.7699494252 0.5884247914 1.192287488 0.7506865517 0.2924950989 0.4304818407 -0.2668611804 1.17007519 0.173814 -0.2091956414 -0.6564227114 -0.8493146758 -0.9204603063 0.4004721997 0.3366870342 -0.1195357049 1.575759314 1.190739204 -0.2640141935 -0.2788522501 -0.7436851867 -0.4897040747 -0.887658272 -0.9256994142 1.774979095 1.490334451 -0.2065658465 -0.7507810016 -0.009382151625 -0.0680536957 0.6004232967 -0.8344472988 -0.9422704058 -0.8030122369 -0.7926816115 -1.272871117 -0.9121073782 -1.178673573 -1.308941367 0.6741072179 0.8111873075 -0.6435793828 0.04569006848 -0.04847285927
-0.08610592103 1.977264952 -0.4878611472 2.192798072 1.077467731 0.358591584 1.235021289 1.764863662 1.705703027 -0.1300028257 -1.033519408 -0.8375764523 -2.011252326 -1.283286266 -0.5386656487 -0.058705 -1.401533672 -1.170674343 -0.7863412033 -0.7182896437 1.03571971 0.5107937904 1.248188829 -0.4293788154 0.9683143873 1.228218386 -0.1402847704 2.257713527 0.120629 0.0737187959 1.960469288 2.523533614 2.067416318 0.3606620159 -1.072175023 -0.3469879463 -1.247849801 -0.169308 -0.4390050213 2.242459886 2.191960211 2.368444244 1.692211759 0.6616748622 0.3147834661 -1.38773228 -1.18084943 -0.02389234535 -0.4666254764 1.812265117 2.014570924 1.86293742 2.034780558 2.110493313 1.795180324 -0.9873129906 -0.989660072 -1.012217772 -1.637460947 -0.9569201306 -0.9316293363 -1.177006204 -1.0505543 -0.8643815966 -1.755066545 -1.133879868 -2.031762791 -1.622967189 -0.4225624715 1.173926834 0.1999125058 -0.4165530862 -0.3291172449
-0.8183704756 -1.571663204 -1.694831363 -1.278815921 -1.718352995 -2.389442398 -1.488981635 0.784782805 -2.099350157 0.8940015804 -0.3601996612 0.9155902012 0.4905870007 -0.3022691745 -0.447139914 -0.157648 -1.551573889 -0.842638841 1.028526979 -2.029103163 1.165159583 1.087751379 0.1612856541 0.6649957467 0.4368736098 1.557022685 1.306089906 2.528704612 0.177451 -1.976514146 -1.689510511 -2.939643909 -1.980316357 -0.1346919184 -0.8106535467 -1.918687287 -0.1528249211 0.075191 -1.22202592 1.669662671 1.632473189 1.925875976 1.248828932 2.116487083 1.428670613 -1.468028907 -1.268569042 0.4910512827 -0.6043286333 -0.7077641625 0.05844739308 0.05712717843 -1.17471852 1.816892154 0.9693561346 0.06679950249 1.414317159 -0.2606692239 -0.2421003068 -0.4871319475 1.642235772 1.386895594 1.439169208 1.440030926 1.860493944 1.485773311 2.42520606 2.583373869 -0.567745985 1.892106053 0.5342591921 0.7285254879 -0.0936820866
-0.2246511554 -1.024495451 -0.979794644 -1.163121751 -1.226102425 -1.030123643 -0.9086998246 -0.6439648715 0.5015906914 -1.12861282 0.3366957375 -0.5801748841 -1.588706258 0.08739352983 0.2152576081 -0.094035 0.9363206678 -0.9852768316 -0.5627727129 -1.317229596 -1.423515793 -1.717429789 -1.02918939 -1.994728587 -0.4736774951 0.3195939715 -0.7701497818 -1.757480919 -0.116664 -1.697026273 0.3839483858 0.1880355117 0.930399168 0.9233378047 -0.6719458418 -1.087152728 -1.317457836 -0.046826 -0.3257804736 0.4327615647 -0.07677045156 -0.07452527701 -0.7068411627 -1.586146603 -0.5303984209 1.687624995 1.308669869 0.7190373046 0.4905138947 1.249139453 0.2017867294 0.8868842736 0.8469340114 -0.122595596 -0.0923729242 0.8897091208 -1.518989536 -1.00538197 -0.2886705245 -0.4975792259 0.8427883038 1.149044005 1.012117967 1.023619606 0.9410138767 1.013654751 1.324903969 1.597344226 0.4672489321 0.4156348478 -0.769700093 0.7278588873 0.2952945183
-0.2741510803 0.6040167538 1.296140601 0.7547523667 1.150139591 1.480270889 1.292910259 -0.6963691926 1.31421326 1.615685622 0.6354523554 0.7741956486 1.340432958 0.9524671385 -0.7893212226 -0.146792 0.3181730274 0.2329657404 1.529597998 2.461348277 0.1330266951 1.69477292 1.571919201 2.223048219 0.3200586797 -0.4953119273 -0.4824802343 -0.3059533409 -0.056223 2.145387011 1.056643871 1.649237203 1.908166512 0.2612721237 1.757644293 -0.7423937442 2.655289411 -0.117834 0.7252764145 1.439912807 2.119911723 2.333877258 0.09220540014 -2.066820746 -1.113221321 -1.090192392 -0.7484622116 -0.4405271761 -0.5270222738 -1.462509864 -1.428564006 -1.82835479 -1.472592013 -1.778489414 -1.371960073 -0.4886364557 0.9688726104 1.835993017 1.368935152 2.13818828 -0.8917704353 -0.7117628183 -0.9624210579 -0.7634129222 -1.349091706 -0.8952952255 -1.558586441 -1.44173591 2.282429018 -1.447479194 0.648458619 -0.602407501 -0.214946603
0.7359446508 0.9417898298 1.447846237 1.674105913 1.01771759 1.300656222 0.7986024098 1.126519197 -0.8356234345 0.458117373 -1.071004274 -0.2669775999 0.2487493117 -0.2799276245 -0.3276197172 -0.053883 -0.2644743312 -0.5704958686 -0.05263271127 0.6485912038 0.7053473607 -0.3069278729 1.654927187 0.09335905848 0.9308047785 0.9802198477 0.4160585058 0.2087682146 0.119695 2.01572687 -0.6300567238 -1.105685651 -1.467149443 -0.6742726792 1.429731375 0.8850689858 2.325162443 -0.116211 0.8485375797 2.403310058 1.557142672 1.679699886 -0.009929861835 1.487209057 0.8827942349 1.496533038 1.229224485 -0.02206313109 -0.3154107566 0.1264318182 -0.3875729565 -0.1004161164 -0.9905215066 -0.5675713979 -0.07461961096 0.152477172 -0.580542929 1.439670937 0.906796691 0.3000324906 1.289588406 0.880381739 0.6472725964 1.025695912 1.535704677 0.9381723819 1.48334835 1.424617872 1.405690808 -0.2166123246 -0.3380085467 0.2136236025 -0.1751635398
-0.303073912 -0.6571815888 -0.6198879973 -0.6114431892 -0.5360896938 -1.185834088 -0.7865672903 -0.2586797667 0.4578243843 0.08001831897 0.01911156937 0.7841510408 0.2459385717 0.6928459848 0.3156513457 -0.014149 0.9033391223 0.9187197492 0.6418789461 0.1977008908 0.2674537323 -0.499214929 -1.743465516 0.2691387161 0.4394721722 1.01506495 -0.0915582779 0.6094414942 0.151476 -1.697521278 -0.4383655121 -1.057472072 0.8873258311 -0.9488159173 0.4837808417 0.005265756118 -0.05921716091 -0.223363 0.2933491744 -0.4387272635 0.5478965898 0.2329827023 0.2552075528 0.8496635619 0.3449767694 0.5596133487 0.6096078077 0.3311942578 0.2901024368 -0.574139037 -0.5318372987 -1.062498437 -0.6021938451 -0.5565313333 -0.220474013 0.176072285 0.5250805236 0.4296318236 0.4640865454 0.4158810523 -1.139411867 -0.9914205827 -0.922140889 -0.9888548284 -0.9461275778 -1.000183579 -1.717987841 -1.709302736 0.1978026113 -0.1897096112 0.4142035825 -0.08052903274 0.1012023397
