ACTIVATION=sigmoid
0.6683315564 0.7826895564 1.096840936 1.047343316 0.9024517848 1.284302076 1.729516826 0.8210524954 1.48114334 1.312544941 -0.1340511189 0.02216288106 -0.08863579016 0.4139382098 1.43249131 1.713559225 0.4393028504 0.087158026 0.200624026 0.000188 1.072205703 -0.4152317233 1.022205412 1.230142036 0.5750972184 0.2961348343 1.053866114 1.983330552 -0.071975 0.6288691837 -0.01499506981 -0.2070360698 -1.90384303 1.513401592 -0.3931435837 -1.173536488 0.5033862835 -1.572052421 0.126354 -0.474394681 -2.533296096 -2.303581937 -2.131122488 0.7684590845 1.260802296 1.222193419 -2.761267037 -2.037529166 0.7120924731 0.6110302979 0.9883823281 1.154254146 1.807372975 1.284922099 -1.583155764 -1.075179049 1.177895232 1.211431026 0.4172217177
-0.0674419582 -0.3144199582 -1.027674867 -0.9609941509 -0.4241941925 -0.7414295694 -1.63577948 -1.495343676 0.632788969 -1.557883427 0.3639735061 0.5931535061 0.9894804277 1.403101428 1.10448465 1.511860486 -0.6986025108 0.4854259854 0.7639899854 0.196986 0.6552837709 -1.828322469 -1.876799268 -2.3856111 0.3538619904 0.09191327207 1.059931728 1.309994832 -0.132796 -2.019708753 -0.6642581991 -0.2596221991 -0.7047458824 -2.149581021 0.4126743279 1.050362695 0.7567676516 1.221028675 0.090164 0.6534196872 1.440051335 -2.624509682 -0.7100875637 0.5297894501 1.83085166 0.6680642587 0.1105739102 0.8793406968 -0.7202467854 0.850915282 -0.3572017962 0.1602284731 -0.3929362189 -0.2145097842 -1.00200753 -0.9341430179 0.7880160634 0.7946918797 0.02762336495
-0.582557335 -0.720237335 -1.228379209 -1.33802723 -0.1509429856 -1.516415895 -2.52147215 -1.787136121 -0.6596204086 -1.092007814 0.3383571972 0.4198701972 -0.7427159286 -0.5580849286 0.9499281626 1.903520826 2.585942683 0.2326249361 0.4370089361 -0.087137 1.837411825 1.102419355 -1.776616547 -1.491483838 0.547852926 1.399007577 1.238418764 1.959367657 -0.220471 -2.252927724 -0.8608808051 -0.6631498051 -0.9904679337 -1.206361504 -0.06574589012 -0.5523554763 -0.3861925584 0.02114199743 -0.140897 0.4076195933 -0.6858525997 0.1943785578 0.1827082533 1.349944515 1.655025495 1.170941553 -1.051218693 -0.5324615076 -1.046188168 -0.8211776969 0.4847848385 0.2099174123 -0.002220782735 -0.1751207765 1.4763713 1.026651333 -2.047869738 1.913516638 0.2629116307
-0.9947831642 -0.9558161642 0.1431484433 0.9701634202 -0.5373087657 0.8131921818 0.6265784021 1.012467842 -0.7895798027 1.260046096 0.08790806692 0.3862760669 1.759171005 1.576819005 1.289262867 1.882435326 0.5961630801 0.2950099752 0.4330729752 0.042355 -0.4594354124 1.515463223 1.334617752 0.9072024534 -0.354156344 -1.416014108 0.07479459771 -0.3656384391 -0.179133 1.728143883 1.418307033 1.011817033 2.034546269 1.838311723 1.836278533 -1.851934252 -2.644162915 -2.026399757 -0.257306 -2.025271689 -1.632117467 -2.376456961 -1.931464118 0.0470935314 -1.722320058 -1.196213332 -2.090464411 -1.730783295 -0.5093982436 -0.1206215085 -1.26702052 -1.305619091 -0.8686783304 -1.560914869 0.8490315683 1.15559051 0.7373311052 1.575276804 0.2796005984
0.3119041432 0.2390151432 0.07433753746 1.138757395 -0.5293412791 0.6367193234 1.057525589 0.9183940075 -1.221096918 1.792383936 0.6709179692 0.6572379692 0.05886345285 0.2870524528 0.9215671177 1.976243002 0.8601573197 0.2663567181 0.03575471813 0.032183 -0.4529848767 1.591248113 1.436765725 1.399215293 -0.83076255 -0.5618266933 -0.2915587448 -2.994577166 0.144619 1.943558599 0.7045328519 0.5575128519 -0.01438413169 1.807530963 -0.262415383 1.334108187 1.473322978 1.713842943 0.140967 1.40576525 -3.477840251 -2.435331363 -2.092866606 -1.185628964 -2.181819613 -1.371216349 1.256717001 1.276193885 -2.341555415 -0.2247292547 -0.9629105646 -2.247683891 -3.281377114 -2.408624571 -2.267592276 -1.811888926 -1.79045176 1.897302292 0.512176573
-0.935580519 -0.939660519 -1.254545807 -1.303929239 -0.5586631957 -0.5262605651 -1.688618183 -0.9633852651 -0.4044545392 1.443453744 1.047051765 1.356728765 -2.030988099 -1.806569099 -1.028544542 -1.778904044 -1.376152983 -0.7412071494 -0.8138771494 -0.21391 0.890182309 -1.41296412 -1.997713723 -2.577893779 0.06788207328 2.064245803 0.5119996373 1.214804361 -0.18004 -3.263090981 -0.791907935 -0.759728935 -0.4921347002 2.321766695 -1.98490342 2.376945281 -0.3971688084 2.152973163 -0.030192 0.9241036631 -0.2848978905 1.898098592 0.7265389851 1.911048801 2.605619178 2.045602238 1.865488794 1.56577091 0.6802223966 -1.006116196 -1.320613994 -1.236412081 -1.66013027 -1.468087413 2.654582874 1.893472787 -0.4457026389 -1.886615301 0.3583714666
-0.8738154507 -0.9865404507 0.333787293 1.551019797 0.6886013613 1.263811878 0.933207923 1.17676397 0.9007267797 -0.7981187513 0.1555904305 -0.3037785695 0.174900978 -0.09891002202 1.878817649 2.31912943 0.8031741059 -0.08885181821 0.2413101818 -0.221944 1.407906445 2.042164073 1.862088605 1.525622184 0.871176889 1.466041252 2.042968561 2.633388717 -0.122284 1.944686048 -2.195327553 -1.979254553 -3.260661855 -2.079275296 -2.851840667 -2.204404058 -2.338668962 -2.414148449 0.162964 -1.776464367 1.224366953 1.88844566 1.695971343 0.1378160456 1.382788825 1.709753693 -2.003785696 -1.239393809 1.482285707 1.374747182 -1.191008749 -1.77426015 -0.7532832276 -1.595490976 -1.145620642 -1.286539734 1.497610419 1.408757621 -0.5872091316
0.152034204 -0.169431796 1.51748801 0.6346271125 2.62379666 1.684808096 1.924436547 1.496818393 2.24155849 1.540226657 0.4759287365 0.1320777365 -0.8065674742 -1.054096474 -0.7426840311 -1.624693084 -1.977667184 -0.03956646461 -0.1992574646 0.05888 0.7988040923 0.985183897 1.465898024 0.6525392714 0.8248899954 0.9955690408 0.4703441404 2.354790302 -0.094528 0.7612286586 1.586127509 1.746524509 2.846931571 2.391293526 1.37470087 -1.342864845 -0.04125052666 -1.582468722 -0.192228 -0.8577112083 2.414671064 2.396557454 2.27706645 1.587481077 1.868996674 1.950281897 -1.583761957 -1.669898496 -0.07086564741 -1.746362391 2.310103105 1.795785771 2.956809156 2.409706512 -1.837648054 -0.9568356331 -2.043462452 -0.5775931223 -0.2897821768
0.07232651227 -0.2343394877 0.3029050496 -0.2348541381 1.325128117 0.05666219134 -0.4427275461 -0.3712654534 0.8448613942 -0.8864380164 -1.42304362 -1.35315962 -1.390865463 -1.874186463 -1.248917368 -1.990176455 0.4657798371 0.01389057537 -2.142463242e-05 0.025404 0.5543460403 -0.7641833583 -1.269346254 -0.509449676 0.6981603829 0.4694155305 0.363974614 0.754458678 0.055672 -1.184954169 -0.5755539628 -0.4475589628 -0.1821300363 -1.854930257 -0.729204755 -1.431154952 -0.08400116743 -1.635588782 0.214542 -1.364178963 -1.360465539 -2.034295551 -1.951186079 0.7428366418 1.572214212 1.283370025 2.229364536 1.845787218 1.965010299 -1.004005801 2.066230601 1.599565626 2.536748525 2.051950807 1.677438796 1.459092918 1.801112169 -1.718141888 -0.07371858385
-0.1209698644 0.02612213563 0.1409841977 0.5941996351 1.080715097 0.4149834669 0.48386631 0.4387596009 -0.01068306324 -0.8266171607 0.1335709082 -0.009512091804 -0.3151646962 -0.02638469621 -0.8711518472 -1.44664157 -0.3126777308 -0.01576770098 -0.03353770098 -0.016439 0.2782755227 -0.6910373588 0.1693638125 -0.1580532444 0.4493493096 0.08213185412 0.2011005871 0.5746896072 -0.020169 0.5603234239 0.04639537255 -0.3517336275 0.1558452535 -1.217741732 -0.01128067372 1.611171741 -0.3097793338 1.575818088 -0.174483 0.4955202453 1.231505669 -0.1824185519 0.5271351907 0.5012363424 1.098183586 0.3380874286 1.102373198 0.6814206018 -0.1754558582 0.593008578 -0.9076861178 -1.292521339 -1.441460134 -1.532475833 0.9518173212 0.6881425158 1.270432618 -1.471632303 0.1128792019
0.4465242487 0.5372982487 -0.5291081375 -0.8986371031 0.5014746272 -0.5158612798 -0.9644427222 -1.058360422 1.754452084 -1.234508309 -0.852981357 -0.903460357 0.902156122 0.850735122 -0.4647499748 -1.047499418 -0.798988857 -0.3882099325 -0.4449859325 -0.238825 0.9758603443 -2.391845063 -1.981871889 -1.965240029 0.1773610083 1.075780685 0.4953215041 2.254494705 0.171439 -2.372616246 -0.9343227942 -1.085770794 -2.207977346 -1.305197212 -0.9148456086 1.990678878 2.072133524 1.957137328 0.004965 1.56208328 2.281518673 0.06538064751 1.15439134 0.3316448055 2.086815442 1.166352339 -1.171291843 -1.148913763 1.285315782 1.564098703 1.261460079 1.760534801 1.766088403 1.65190862 -0.8598692701 -0.7866119654 1.926405835 -2.269893734 -0.321923964
1.034566404 1.194429404 0.5930448092 -0.7259860211 0.8343535312 -0.2155998833 -0.6673852756 -1.06849064 1.497842088 -1.37289497 -0.522089491 -0.103128491 -1.159944353 -1.186951353 0.2212990079 0.3590499095 -1.276215822 0.00737305998 0.16758606 0.10401 1.075853688 -1.769842585 -1.564954895 -1.874213534 0.7803554114 -0.4704070849 0.8121006267 0.6908964337 0.192573 -1.542825375 -0.6648354868 -0.4472654868 -1.76758215 -2.021949515 -0.5437523709 1.722650785 2.16990277 2.327653523 -0.001165 1.718779473 -1.599181368 -1.283501055 -1.534675187 1.024261091 1.779520055 1.208101882 2.278776018 1.967475362 -0.8412954937 -0.8558600469 1.55077672 2.304068873 1.411436838 1.953518728 -1.249761699 -1.248378288 -1.390385466 1.211428841 -0.3637824131
0.3328314812 0.6312984812 1.155315521 1.507323075 2.886077259 1.838711341 2.320275937 1.768767558 0.7919127101 2.147466976 0.03680017361 -0.2838788264 -1.460749871 -1.616310871 -0.9762436681 -1.773958727 -1.412211651 -0.1683558259 -0.2579148259 0.099839 0.4880209125 -0.4432641279 1.757675319 0.532330536 0.6485275952 -0.5328351793 0.3227133069 0.4909987755 -0.162859 1.13343009 0.7493582165 0.7987932165 1.333848035 2.112676445 0.8728308589 -0.8860526711 -0.963027123 -1.082862619 0.011269 -1.143095555 -1.489328574 -1.677820128 -1.477186901 1.317184626 1.409446536 1.610453066 2.071807478 1.609459804 -0.3973973971 -0.266175123 -0.6759746392 -1.208372766 -0.7421029828 -1.551882981 -1.707325195 -1.021614809 1.773592744 -0.8551514305 -0.1161024543
-0.2468585113 -0.3513465113 -0.7661486297 -1.354163493 -2.168742135 -1.967353771 -1.857368482 -1.598162968 -0.5931604989 -0.7280767573 0.6999813956 0.6748223956 -0.3144185928 -0.3313965928 0.5540710082 0.5275688125 1.169283812 0.03043492662 -0.2590550734 0.154624 -1.628355356 -0.2951754845 -1.890684494 -1.9454927 -0.525560712 1.210151974 -1.011106129 -1.677590414 0.249588 -1.929420111 -1.315566494 -1.423409494 -2.209748713 -0.1401129611 -1.650839995 -1.225400973 0.2237201872 -1.276180518 -0.015482 -0.3493242894 1.590120098 1.771170554 1.149832444 -0.5124203501 -1.902358213 -1.880720368 1.159849104 1.274667954 1.02776218 -1.863606463 1.824136198 2.093267944 2.398464531 2.438045935 2.095284 1.098040776 -2.048926583 1.542784492 0.1283407598
0.4557871424 0.7832361424 0.4857534872 1.820765614 0.7447647293 0.898505722 1.186010751 0.9903034277 0.5132259324 -1.46831194 -0.4427795745 -0.6529855745 0.3071491497 0.3845441497 0.3721596323 1.540866009 0.8922422209 -0.2873704947 -0.3098994947 0.116603 0.372415032 2.263054 1.942130318 2.043407742 0.6323701206 0.2224595486 0.5577390865 -2.704008295 -0.236234 2.68631774 -0.7739032061 -0.7665252061 0.8150816533 -2.436684863 -0.8425505863 -1.444735099 0.8301525193 -1.84132708 0.175126 -1.695990306 -1.48297213 -1.75374446 -2.306262636 -2.054662384 -0.6856126329 -1.022310421 2.130770431 1.566814077 0.6403920776 -1.837540344 2.092361931 1.981453622 2.243817687 1.891512968 2.019691798 1.313289561 -1.527878395 2.907220328 -0.2160936948
0.6176542052 0.4372332052 0.3428979486 1.659810875 2.495517361 1.670570262 2.031591537 1.501479804 1.260057147 -0.3185779955 -0.2436525831 0.1328074169 0.8631310396 0.8974350396 -1.048411163 -2.192232663 -1.366638188 -1.235726171 -1.261845171 0.196659 -2.080042116 0.02248720706 1.91865144 0.9162664602 -0.3731233118 0.1524047847 -1.124897752 0.08468519414 -0.063726 2.601109533 -0.2643291456 -0.4671841456 0.9918077917 -1.122321291 -0.7811033469 2.082902852 1.183526622 1.778141611 0.24761 1.407976275 2.565439996 1.889200488 1.483122729 -1.512857614 -1.837172139 -1.54134578 -1.590124106 -1.427744056 0.8082252067 2.593148887 -3.371780281 -2.024211116 -2.83040632 -2.4090866 2.868010713 2.101324364 2.797933636 -1.933162328 -0.5439483619
-1.517266635 -1.524229635 -1.247571868 -1.657539594 -1.860449401 -1.814207697 -2.150657176 -1.510007404 -1.803263839 1.632165771 -0.5890052711 -0.6102982711 1.252557518 1.416934518 0.3008219291 0.565135497 -0.111233665 0.778019274 0.828100274 0.22805 -1.107256201 -0.8936099768 -2.4150124 -2.722761307 -0.7092541282 0.5075258737 -0.9688095291 -1.546825148 -0.244883 -2.332907108 0.4364444183 0.5351094183 -1.410948818 2.148008142 0.5300095791 -2.086552644 -2.5697184 -2.270010778 -0.070737 -2.698412779 1.948325734 1.712540222 2.336688881 -0.2725938934 -2.025469994 -1.393116686 1.28189048 1.289482216 0.1788149805 0.01994852139 0.290035325 1.349857258 2.954619661 2.842400127 -1.96918792 -1.790570507 0.9001347778 0.644817648 0.5358929595
-0.3754990928 -0.5557190928 -0.894833487 -1.441466302 -1.355555448 -1.308989702 -1.357088858 -1.194765682 -0.8889602749 1.042001415 0.06305579944 -0.1074542006 0.05071143058 0.1747134306 -0.4516110853 -0.5016911452 0.745828617 -0.2937338953 -0.4734428953 -0.070764 -0.6928990015 -1.352402786 -1.993907596 -1.793032921 -0.2268029811 -1.152446693 -1.106847674 -0.5797336395 0.046793 -2.050523589 1.408272416 1.465133416 2.19363817 2.423406082 1.837343398 1.766124017 2.148056551 2.036010788 0.036635 1.693843299 -0.8004707868 -1.534408539 -1.414520201 -0.3407577131 -1.114907038 -1.008397182 -1.85893882 -1.632912218 -1.276187629 -0.8363614714 1.438521923 1.837805638 1.209900529 2.1501536 -1.759979976 0.6325876492 -1.257661394 0.8252623886 0.1694723258
-0.7034327901 -0.6232437901 -0.9352459577 -1.244938777 -0.7033070634 -1.083648324 -1.179394356 -1.036103247 -0.9629391713 1.091021964 -0.8193522006 -0.8070122006 0.4669031752 0.9259561752 -1.088824742 -2.016815312 -0.7184773782 -0.4295190583 -0.5421110583 -0.151357 -1.936603907 -1.856422419 -1.880109592 -2.27019876 -0.2259121188 -1.139453211 -1.609891287 0.02545802054 -0.01684 -2.307876224 1.606654393 1.646198393 2.485219189 2.66764559 2.820002859 -0.5887954193 1.052852847 -1.3338386 0.209569 0.5816222114 -1.352193706 -1.735750391 -1.450155161 0.1116737414 -1.24274033 -1.254218623 -1.423164822 -1.338730171 1.096314021 0.7106946503 1.666156223 1.74309773 2.030300115 1.727273002 1.276991606 1.387682554 1.775180375 -1.777575909 0.1984052289
-0.3560973239 -0.2049753239 -1.197328315 -0.9261971043 -2.104038008 -1.116872199 -1.209683233 -0.9797530041 -1.349413795 -0.03060389732 0.5066392675 0.1358582675 1.420577194 1.646027194 0.471649106 0.8044213746 2.23217661 0.2353529497 0.2597379497 -0.056418 -0.9374425892 -0.7327839587 -1.371412435 -0.08902694529 -0.3117905646 -0.6343777102 -0.6521150628 -1.845769691 0.257348 -1.31503362 0.5289641453 0.8933701453 0.5465278992 -0.3450490237 0.1827149341 1.23832952 0.1309483451 1.490044168 0.119117 0.7928782253 -1.15916722 -2.784875614 -2.177608362 -0.8001221001 -1.347954619 -0.9625620812 1.384721287 1.260297978 -0.7980333406 0.8880674711 -0.8805395631 -0.6767612956 -1.927414039 -1.536453693 0.8314724241 1.072862927 -0.1283418619 0.6880011208 0.09722356268
-1.351152137 -1.197331137 -0.6791267466 -0.1924101351 -1.94031092 -0.411034075 -0.4799940093 0.2914410091 -0.8763977112 0.8773748836 -0.1236264658 0.007182534207 1.552141686 1.619820686 0.7792247019 1.319954537 0.5338331202 0.2598396365 0.3199666365 0.112993 -0.8190368398 0.5414341998 0.1602541065 0.2118996291 -0.4390918678 -1.164913534 -0.2401090353 -1.059451362 0.180361 -0.5719541727 0.7885918388 1.074153839 1.30319856 1.152695522 1.065294762 -2.154522081 -2.162230875 -2.127693907 -0.248805 -1.942492242 -1.633197457 -2.388628081 -2.082018372 -0.4786441756 -1.578864723 -1.124787998 0.4913727255 0.514407609 -0.3047691997 0.2672359417 -0.4014539339 0.2525528785 1.067613066 1.470254212 0.3390575657 0.8640860324 0.4425081239 1.324365331 0.2807526369
0.9835670012 1.212769001 1.506136165 1.579622221 3.015717659 1.391064004 1.76973018 1.198448582 1.143869804 -0.752991518 0.5231422962 0.7495972962 -1.880138603 -1.808189603 -1.586142661 -2.457696822 -2.61651452 -0.232242077 -0.384702077 -0.065561 -1.273626461 0.9930340614 1.727029268 0.7912342806 0.584338823 0.121286769 -0.7038535758 1.426234656 -0.175496 2.409289868 0.240765117 0.617420117 0.7210206029 -1.926008206 -0.4162912347 2.439480032 1.869949658 2.550488855 -0.073813 0.569134914 2.268033371 0.5932475709 1.337734658 -1.002208212 -1.546596077 -1.187723592 -1.50970512 -1.433168853 0.7008046547 -1.599981542 1.160085024 1.680501929 1.602230802 1.365942582 1.982653897 1.6732486 -0.8780306936 -1.876857535 -0.3230492027
0.4749928157 0.03088681568 1.528333458 1.393297762 3.653021327 1.198856095 1.896936463 1.725116355 0.4052769556 -0.05280096247 -0.7536806289 -0.4816326289 -1.962432976 -1.824067976 -1.308743934 -1.899251225 -3.683675919 -0.8543526227 -0.9176616227 0.112895 0.03936929692 1.774051293 2.161038631 1.177167335 -0.0004158804159 2.259505438 -0.4044363138 -2.763438288 0.123771 2.204813518 -0.1659541617 -0.04479716171 0.101670633 -2.107349456 -0.683960747 -1.228229029 -1.291425157 -1.654955009 0.232999 -0.980127291 -0.2814443897 1.078593266 0.4348319083 -0.02324652648 -2.399052111 -0.9693010537 2.087174139 1.927726986 1.544793598 -1.362793237 0.5673237498 -1.326124159 0.5469957458 -1.026636593 2.387677051 2.050501029 -0.8378271926 -1.374849225 -0.6768702118
-0.115011907 -0.03433890705 -0.09584164262 1.171120776 -0.1370891619 0.6987668466 1.763731273 1.261053637 -0.4660891711 0.5189396955 -0.3910008529 -0.4852048529 0.6832068454 0.4377278454 -1.087088349 -1.29539141 0.5591631118 0.2100337822 -0.01254421783 -0.181574 -1.428301851 -0.3287679575 1.061328877 0.9008706529 -0.8026408848 -0.1997201565 -1.324152341 -2.107516237 -0.074455 1.298063025 0.3409595712 0.009944571212 -0.6187819928 -0.1206325682 -0.4664542893 -1.198143958 0.307820463 -1.266142326 0.137314 -0.3627306629 2.276382295 2.332890738 2.421059939 -0.9392352639 -1.328273692 -1.409769204 2.19742032 2.050229406 -0.01131693765 -0.4433107546 1.93999583 1.284574066 2.350225994 2.03611366 -1.208950905 -1.316256221 -0.4335081018 -1.309837861 -0.2517193061
-0.1310661079 -0.1842561079 -0.2322505133 1.210208266 -0.9544402197 0.1657130598 0.8251550642 1.300853737 -0.4534215692 -0.5708952553 0.5020757605 0.1481057605 -0.2294110941 -0.3674050941 1.283075997 2.20932848 0.8840618755 0.08507037297 0.294043373 0.156567 -0.8509610544 2.350204651 2.324825954 1.475309165 -0.4704820557 0.1854328594 -0.4215224315 -1.544984294 -0.018554 2.400068249 -0.4047801612 -0.5192821612 -1.155969535 -1.98888028 -1.017300838 -1.180080116 -0.7580047638 -0.6843636768 -0.240319 0.08931584824 1.037642674 0.4576727543 1.021476772 -0.9919441399 -1.061466968 -1.016058053 1.942298994 1.565091755 -0.317820478 -0.4041951226 0.663722853 0.7179704234 1.223706652 0.7635978868 2.262339882 1.549514472 -1.073442159 1.798766744 -0.2373977206
0.2434032894 0.03216928936 -0.6382863598 0.9217114098 -0.7724192401 0.5485265818 0.6914125495 0.758003008 -0.08857612709 1.079032949 -0.1861156046 -0.5322636046 0.09033649595 0.02374449595 1.04928593 1.359149482 0.7926661229 -0.1860555323 -0.07819253228 0.054768 -1.537627374 0.7776986697 1.136404692 0.6762309145 -0.5814233468 -0.6381759512 -0.8138075035 -1.005278456 -0.198693 1.42495381 -0.01909159171 0.09071040829 -0.3067882485 1.177778523 -0.7633407124 1.371838797 1.28580284 1.598855758 -0.203737 1.107894956 -2.690943972 -2.691792719 -2.53880985 -1.342091039 -1.72236874 -1.437495716 -1.685396397 -0.9377659346 0.9374886631 0.7215737847 -0.1044724135 -0.03194815255 -2.370074815 -0.9353435946 1.39103127 1.319722125 1.39229154 0.8710436214 0.5198318768
-0.7199098677 -0.3337628677 -1.033527228 -0.0255464425 -2.795974507 -1.207627125 -1.06278789 -0.2464075843 0.01798041094 -2.526742747 -0.2209612656 -0.2892202656 1.988674107 1.683062107 1.187044396 2.058960886 1.101421067 0.4065201712 0.2428201712 -0.208095 -0.9873785114 0.613427122 0.3989638537 0.1019321168 -0.7897752305 -1.249528655 -0.0653948503 -0.7893653882 0.211867 0.6201083718 -0.6081746565 -0.4944976565 -0.5443405596 -2.286492393 0.5870214151 0.1214902902 0.2457370288 0.2923512913 0.180678 1.107356671 1.926339207 -3.091039463 -0.2303792066 -1.155348266 -1.818741168 -1.767106378 -2.258237221 -1.729810278 0.8493797955 0.9150685 0.8791438676 1.54895623 1.449394241 1.605887153 2.064752601 1.60309611 0.7761493011 1.46489249 -0.1358820529
0.4524430757 0.3819480757 0.8156770001 1.009921575 1.554770257 1.03861978 1.359532337 1.13890193 1.386739762 -0.5079249882 0.3786855573 0.1027035573 0.3509557709 0.3329747709 -0.9115813906 -1.809568032 -0.4204058149 -0.1325864564 -0.0196794564 -0.114771 0.2609221681 0.1765871569 1.321760637 0.7979019839 0.7158085856 0.614424299 0.5054295541 1.994837798 0.2383 1.561966794 -0.270002754 -0.239092754 -0.6879688779 -1.798219848 -0.06035146983 1.04079976 0.2066927674 0.8319482917 0.148716 0.2230416417 2.0282932 1.646002397 1.610769385 0.5700064237 0.887392122 0.4239074016 -1.604016846 -1.37766705 -0.00908423491 0.5283107234 -0.2927693287 -1.685369493 -1.845410341 -2.07861013 -0.1309166724 -0.5759967797 0.6701763059 -1.759609519 -0.04241196512
-0.9575665569 -0.7570125569 -1.272891555 -1.058950897 -0.2425792843 -0.5242525839 -1.512234622 -1.417780649 -0.4151341406 0.06810207974 0.08561649083 0.09244049083 0.01372260374 -0.1883013963 0.4913063608 0.9583917486 -1.434382942 -0.08080789061 0.1783251094 0.020564 0.9632540319 -1.095275423 -1.837060945 -2.412318768 0.68642642 0.9181841869 0.8225738937 1.144033024 0.208189 -2.363444167 0.3966786014 0.5755366014 1.065680944 1.370619074 1.24120813 -1.429937346 -1.68354329 -1.746604467 0.108076 -1.317017825 1.404070858 0.9392654976 0.9618541393 0.9672649329 1.639320436 1.159691711 0.9003997507 0.9824814226 -0.9230972232 -0.4265190485 -0.194322277 -0.2325189836 -0.2485074839 0.1135912927 1.069934587 0.6413920068 -1.384565762 1.428386275 0.02351122162
-0.3033144075 -0.3859024075 0.8018581466 0.9850013195 1.210185396 1.294118374 1.38366057 1.253068847 0.5023584585 1.661337088 0.7479446869 0.7508186869 -0.2253208124 -0.2276768124 1.541191228 1.904472351 0.6775024511 0.3270597197 0.1757627197 0.133632 1.199884784 1.487360482 1.633179121 1.835103101 0.7119379479 -0.200520839 0.9274170647 1.196501571 0.25185 1.739299516 1.320581657 1.225602657 1.478926494 1.87307915 1.372900968 -1.916605506 -2.240568567 -1.970158698 0.176793 -1.975957235 0.8785900998 -1.970180342 -0.04278656637 1.022364455 1.502733989 1.553443398 1.667411133 1.444282341 -2.241733127 -0.4553948304 -0.9371807493 -2.066165101 -1.493049204 -2.285957478 -2.617352347 -1.941565057 -0.6365874725 1.824987427 -0.4149479667
-0.8308062905 -0.4966082905 -0.5793013603 -1.133671739 0.2281487458 -0.1622811221 -1.046700256 -1.052280798 -0.3591057983 1.19681974 -1.028821158 -1.002570158 0.1118603543 0.1254603543 -0.8221894751 -1.529316498 -0.6387453616 -0.004186118234 -0.2323661182 -0.16899 -0.1266628065 -1.766696968 -1.381528178 -1.381853121 0.2508801346 0.9781622415 -0.07393466512 0.7119908884 0.02308 -2.783353651 0.3591373595 0.2869603595 0.8792432949 2.072109745 0.8350603248 -1.076680146 -1.547594324 -1.648270546 -0.105096 -1.197977168 -1.953628426 -1.441703187 -1.648446494 1.935485785 1.961148254 1.600393945 1.838782431 1.734347425 0.900737018 0.5564057626 -0.6794599334 -1.250886191 -0.5113663135 -0.6898899716 0.6493347778 0.5539354154 1.847878538 -1.480930969 -0.1367195163
0.2034090811 0.02902308108 -0.6719322219 -0.9815561041 -1.24831429 -0.6458057892 -1.101882156 -1.318356279 -0.9495083687 -0.9345327513 -0.5450336446 -0.1019556446 -0.1539091671 0.05336183289 -0.7332007504 -1.480064604 2.26899001 0.1140420492 0.1478220492 0.207948 -1.140256492 -1.386270283 -1.831527784 -0.4667475914 0.08115440143 0.9356488442 -0.1376300734 -1.793554362 -0.158855 -1.633570458 -1.468408367 -1.721960367 -3.064761774 -1.952508778 -2.399371806 1.231200686 0.4845855309 1.412535475 -0.064269 0.8881881252 1.357398721 1.56546998 1.454387233 0.02529789486 -0.2041249817 -0.5077644697 1.346862176 1.178556891 0.3696154634 0.8712420728 -1.746590553 -1.91769586 -2.431515053 -2.004477671 -0.2592457932 -0.8986336001 1.130853227 -1.198769113 0.1791990071
