ACTIVATION=sigmoid
0.7882672139 -0.8774919601 0.2662462994 -0.9670572714 -0.09097754557 -0.7524654943 -0.7770409176 -0.8692776278 -0.2687332555 -0.6423814146 -0.5350621385 0.08734493266 -0.3388695599 -0.7805881877 -0.6523089128 0.5443587933 0.1991561033 0.1516313913 0.08548316356 0.2427990673 -0.4971689081 0.646004071 -1.129866189 -0.566982456 -0.882443315 -0.009976176685 0.4652219567 0.001031090956 0.7671959689 -0.7770141668 0.3526580026 -0.2876217182 0.283348
-0.8839527624 -0.4157218158 0.4541754284 0.4455893914 -0.881721922 0.263172438 -0.6095956207 0.2429537343 0.4752607502 -0.9748398644 -0.1532059957 -0.2851190385 -0.8525249348 -0.6760016663 -0.5438517382 0.3439072161 -0.635832398 0.337293181 -0.7749238323 0.2397929052 -0.6334560415 -0.5677109847 -0.4888383128 0.5875699312 0.2620365307 -0.05149791573 0.3181581403 -0.3267092158 -1.00796014 0.4077196107 0.5074129318 -0.830888137 0.214144
-0.7819674847 -0.8019315579 -0.6834138119 0.01462936099 -0.9083372984 -0.161560367 -0.3871287834 0.107769243 0.6124901674 -0.2397436575 -0.7693371004 -0.5360901011 0.4043800531 -0.5877547196 -0.4794999595 -0.5167299183 -0.2997075056 -0.5634053366 0.1655566752 -0.6526771302 0.5250017844 -0.1505372362 0.3668897171 -0.3256500211 -0.6436759822 0.2966315355 -0.003858886435 0.4990642801 -0.1521994432 0.05479592781 0.413323779 0.6497049932 0.358692
-0.1787610128 -0.7537369152 -0.1130252207 0.5769960604 0.5453761418 0.4408794999 0.346125474 -0.8881340211 0.2443301255 -1.166278551 0.3906219929 -0.1607990076 0.6748332575 -0.5707232998 0.07508908922 -0.4886349545 -0.5072697157 -0.6784464264 0.7564821511 -1.065208019 0.2093573244 0.4456141301 0.02401309433 -0.9971999887 0.63048875 -0.3854933901 -0.1507229841 -0.7502538869 0.2056528908 -0.4115000433 -0.9335911403 -1.099928429 -0.081862
0.8682919548 0.7859057751 0.3239233464 -0.8036100147 -1.098139274 -0.2110304585 -0.3247927216 0.32580809 -1.100136315 -1.05664239 -0.8367021858 -0.4462853286 -0.5229973001 0.1979156756 0.6674021421 -0.8273804552 0.5393459922 0.3876314722 -0.8112643387 0.2263566282 0.9321059062 -0.6722314851 -1.192659917 0.09318567786 -0.1833478735 0.2825467552 -1.068329242 -0.1505661805 -0.4048509492 0.09069137403 -0.6475078846 0.5711514902 0.206432
-0.8959442294 -0.5715657047 -0.6130759178 -0.3766120578 -0.7190409288 -0.9358942981 0.2648729778 -0.694582358 -0.8958433199 -0.07450884538 0.3195153921 -0.3496452174 -0.7713463874 0.4491549684 0.5794003578 0.3781594863 0.04999360103 0.7155343638 0.2668751243 -1.142633717 0.3580689308 0.5740331303 0.3091632919 0.4486733899 -0.847951437 -0.2496387391 0.2488233162 -0.8976030854 -0.4259238948 -0.6164804118 -0.5757568842 0.3360225855 0.172174
0.2756734195 0.4661555204 -0.3512179619 -1.010136946 0.6292315043 0.2988303167 -0.5824456087 0.07801517236 -1.197565609 0.3552784992 -0.7365685707 -0.08957138721 0.284075819 -0.723890551 0.5358500831 0.05538954578 -0.9604478072 -0.3409432538 -0.5684346568 -0.5420589144 -0.0772551033 -0.7923603749 0.3540863009 0.6063676679 0.4180569821 -0.1755234665 0.1307816663 -0.6834262242 0.3449464559 -0.1414619687 0.3462880243 -1.097132499 -0.144907
0.2528869232 0.7578700346 -0.05376645582 0.433475718 0.549107599 -0.5556048861 -0.7129066892 0.2625484703 0.1611438291 -0.3322533092 -0.01311296867 -0.9030903302 -0.193554348 -0.2241638704 0.03813295483 -0.5126411021 -0.9524379084 -0.3207008759 -0.6710557784 -1.099841116 -1.14066181 -0.5784621724 0.2435520711 -0.7264309313 -0.3728383626 0.07259748533 -0.8184520371 0.1990082429 0.3871314182 -0.5046050358 0.4516814327 0.5042549328 -0.16467
0.4257519736 -1.24162597 -1.071146223 0.03716161215 -0.3485661907 -0.6987343108 0.4781653353 0.8067632408 -1.05387511 0.7210234978 0.2026138816 -0.5067856457 -0.6124682029 -0.2373113145 0.2269464602 -0.1312782966 0.1714503064 -0.7274906876 -0.001772201905 0.9895334836 -0.3270635406 -0.4652267383 0.3685426982 -0.9965378544 0.5507358279 -0.51968551 -0.8197369346 0.3223024869 -0.3786121236 -0.1530434657 -0.8925230279 -0.9561040468 -0.060996
-1.014779757 -0.4054034543 -0.9718271177 0.433266755 0.3542777559 0.2635012124 0.2605927632 -1.058721066 0.6479843478 0.4874474553 -1.51684207 -0.3656401583 -1.015718609 0.5293804082 -1.114987787 0.4323641743 -0.5309132993 -1.179044275 -0.8816319586 0.4139423647 0.6783173614 0.5693725442 -0.4797852979 0.6992790797 -0.5923790916 -0.6903476041 -0.6316216053 -0.6220315053 0.6678937204 0.6341623142 -0.4353198377 -0.3965418736 0.171582
-0.622092911 0.528261704 0.02138117835 -0.8146862557 0.3635374225 -0.4299681206 0.1292305145 -0.6653967125 0.08326005974 0.3029042486 0.2892682018 -0.1975816574 0.3604554973 -0.2449282843 -0.4674731809 -0.8224682101 -0.04695755764 0.2810165045 -0.4239916557 0.1933122747 -0.8090859459 -0.222908486 -0.90317981 -0.8683244086 -0.7980068408 0.2948368735 0.337116666 -0.7913067889 -0.9783262791 0.3384489974 -0.8636470571 0.1947974667 0.369845
