ACTIVATION=sigmoid
-0.1312737316 -0.2758782506 0.09313541651 -0.4500563741 0.7070313096 0.5840838552 -0.01794684678 0.147651881 -0.2956492901 -1.409887195 -0.8195975423 0.8842070699 0.1872247308 0.5172904134 0.03250132129 0.7146478295 -0.5138943791 0.112718001 -0.5849292278 -1.011341214 1.480951786 -0.9217577577 0.6186427474 -0.4000747502 -0.05684817955 0.08890492469 0.5598506331 3.021261692 0.782617569 1.576749921 -0.05825175717 2.326440096 -0.1499267071 0.2388804704 -0.9455786943 -1.976249337 -0.9693800807 -1.810215354 -0.260810554 -1.336338878 -1.957686901 -0.121146895 -1.78033936 -0.2446140051 1.92980051 1.596822858 0.5897430182 2.59131813 0.1955000013 -0.2536514401 0.6494793892 0.2618204057 0.8559936285 -0.05929579586 0.4352149665 1.977626324 -0.8530104756 -0.7727019787 -0.47565642 0.4268904924 0.9566192627 1.055426478 -1.45470202 -1.378329754 -1.601789594 0.2436741143 -0.6599913239 -1.739394426 -2.057818174 -1.707391977 -0.6866837144 -2.249022484 -1.976662159 1.557342291 0.9347112775 0.6789303422 0.7355957627 0.6279860735 0.2524362206 -1.775452495 -0.9767417312 0.477978617 1.367050767 -0.7259160876 -0.7546044588 1.92706871 1.95449841 1.022043586 -1.835578799 -0.2949750125 1.26058042 1.258928776 1.335917234 1.274289012 1.197211742 1.150572538 0.6798906326 0.2732559144 1.513673782 -0.8777770996 0.5274292827 1.196688533 0.1007797495 0.2129496187 -0.7887699008 0.7030889392 1.572376251 -0.4526335001 0.272354275
0.6699692607 1.19035089 0.6380787492 0.7944759727 0.2963952124 -0.1322268397 1.314338684 2.320734978 0.0946495384 1.311800003 -0.6907501221 0.3092674017 -0.6934854984 -0.05057177693 -0.4877258837 -0.7328784466 -0.4710625112 -0.1483639926 -3.358720064 -2.763691664 -3.648127556 0.3254042864 -0.08182711154 2.961726427 2.263463497 3.096210957 0.2948628068 1.079110861 -0.9574337006 0.9832516313 -0.7914356589 -2.847403049 0.4404583573 3.121176243 -0.03088947944 1.018056631 -2.498942852 0.3436731696 -1.60446918 0.05950075388 -0.8229329586 -1.029549122 -1.377334356 0.6654618979 0.7467318773 1.545664907 -0.547033608 -1.681976676 -0.0875570029 -1.920178294 2.053856134 2.908486366 2.726067066 1.167085767 0.9116909504 1.108574629 1.4628793 0.7237429023 1.154742122 -2.062187195 -1.984696746 -2.490054607 -1.503650546 -2.809968948 -1.726246834 -0.8455331922 -1.012490511 3.17400527 3.507423878 2.302896738 2.973017454 0.3496359587 2.223804235 2.991820335 1.072799921 -3.184934855 -1.813985586 1.349583268 -2.075442553 1.461126566 -1.049389005 -1.381453633 -1.665639281 1.384260893 -0.7060191631 -0.2860205472 -2.014903545 -1.389264464 1.44336772 1.181497455 -1.45485878 -1.393126011 -1.408232331 -1.323391676 -1.491357923 -1.530084252 -0.6965270638 0.944217205 -0.3586444557 0.269241184 -1.720505238 -0.8157353997 1.434637189 -0.5973225236 -0.6584113836 1.970490336 -0.1088289171 1.123302937 -0.8894014955
-0.4653381705 0.1789798588 0.0188985467 -0.1039256305 0.3568900824 0.6207222342 -0.2812773883 0.3927061558 -1.201641202 -2.059489012 -0.9185971022 1.193300962 0.6401745081 0.9451275468 0.7806269526 1.567748427 -0.6064944267 -0.03197399899 -2.775149584 -0.8291735053 -0.06606789678 -3.215840578 1.75449276 0.2482116073 -0.3166151345 -0.3048784137 1.1772995 2.565784693 1.273873925 1.765085101 0.8399885893 3.620483637 1.062349916 -0.5040103197 -1.949925542 -2.246587753 -1.494328976 -1.999853373 -1.442818284 -1.820994377 -2.270090818 -0.587138772 -2.707693815 -0.1460982263 -0.5911407471 -1.641106725 -0.587149322 -0.8962491155 0.1097029969 -0.2646869421 2.067223787 1.156517863 2.143539429 -0.7697480321 0.8184246421 1.565111995 -1.44194603 -0.9525139928 -0.113879256 2.493352175 2.678019524 2.761923552 -0.8503712416 -0.3818525374 -0.8628038764 0.7212045789 -0.7537024617 2.307827473 2.490884781 3.082117558 3.635210037 -1.081058502 2.368655205 0.7502534986 -0.4715866148 -2.329736233 1.445489883 0.3989219666 0.3704330027 -2.710081816 -1.074174285 1.570683956 2.551998377 1.436353922 -0.418480128 -0.3928836882 -2.358847141 -0.7546788454 0.5673172474 1.322917461 1.724803686 1.63701272 1.762984633 1.712334037 1.559394002 1.582023025 0.8256278038 0.8489373922 -0.1196245402 1.924684286 1.027057648 0.5691925287 -0.4877203405 0.5978866816 -0.2953238189 -1.001993537 1.031257987 -0.3586935699 -0.5141471028
-1.52632618 -2.112088442 -0.9194925427 -4.320998669 -1.112089872 -1.419853449 -1.253675818 -2.136868954 2.231122494 0.4107104838 1.383324146 -0.5818185806 1.291618824 1.077210903 1.344488144 3.439274311 0.8568591475 -0.1016099975 -1.395005226 2.227166891 -1.411239028 5.638718605 -2.973049164 -1.522138953 -1.52085495 -0.9102647901 -0.9188963175 -1.221021891 -0.6227416992 -1.680731058 0.629733026 -3.338999271 0.7718434334 -1.653226018 0.8591793776 -0.4201970398 2.783294678 0.007282746024 2.377990246 0.9026132226 1.21612072 1.227793694 2.06929183 0.9739804268 -4.087519169 -2.363434315 -1.716173291 -2.656716347 -0.08431400359 1.548247457 -2.325701714 -3.412125349 -3.016997337 -1.351121306 -0.6562939882 -0.9664492011 -1.42789495 -1.019256711 -1.641320229 -1.608946085 -1.186843634 -1.19314146 1.945750713 1.759868741 3.132597923 0.9815208316 0.5813052058 1.948172688 3.217936754 2.694098711 3.433775187 -0.9267045259 2.695428848 -0.7097462416 -1.078408241 -1.678847671 2.27770853 1.786240458 2.934882402 -1.672663808 1.044662833 -0.7270004749 -0.4976930618 1.149186134 1.10635066 -2.001684666 -4.196417809 -0.4834826887 0.9811823964 0.8229944706 -2.007336617 -1.909605265 -1.857285142 -1.784983993 -1.668684363 -2.010182142 -0.8550559878 -1.023299456 -1.822739244 0.8889980316 -0.9121794701 -3.605092525 1.229214668 1.161060214 0.8297781944 0.7474409938 -1.850401163 -1.437513232 0.4397838712
-1.044183016 0.2795689702 -0.8609822989 -1.976057649 -0.4056071043 -0.8076552749 -0.6027427912 -0.8033878207 1.039235711 -0.05678987876 1.19902885 -1.829518318 -1.043207407 -0.4966821074 -0.2978957891 1.83402884 1.050014853 -0.02596499957 -0.1188139245 0.9942310452 -2.741115093 -3.246521473 -0.9635056257 -2.290835619 -1.048504114 -1.599530697 -0.4177830219 3.117130995 -0.09433238208 1.226885915 0.1600940526 -2.914676189 -0.3541303575 -1.809970617 0.3935221732 0.4129188657 2.357697487 -2.939115524 3.191948414 1.003860116 -2.347627163 1.632052779 -2.113652706 -0.5569970012 -1.867724061 -1.702284336 -1.10879159 -2.728898048 0.1236499995 1.33411181 2.06353426 -0.613422811 1.028714895 -0.553119719 0.3793605864 1.991639137 -1.62093842 -1.733840823 -1.772500396 -0.7480432987 0.2994934618 -0.1664898396 2.905863762 2.721994638 3.518790483 0.6743424535 1.055981517 2.950608253 1.475329995 2.979803324 3.540032148 -1.960567951 2.733922958 -1.331611514 -1.970217109 0.09967128932 -1.684717894 -1.590007186 -0.8543644547 -2.869619846 1.464480877 0.285143733 2.442601442 -0.946999073 1.246308327 -0.6504508853 -2.819852114 -0.5473249555 -0.9351004362 -0.7965586782 -1.34098196 -1.323413968 -1.299295664 -1.375796676 -1.205347419 -1.386775017 -0.4247542322 -1.409867644 0.6570440531 0.224315688 1.182044268 -2.573328733 -1.564832211 -0.4730045497 1.437834144 -1.119193673 0.6968705654 -2.042648792 0.07446277142
1.227548599 0.9163590074 1.003768682 0.3774388134 0.825879395 1.247234464 0.9003654718 0.6747964025 0.6941366196 1.300028563 0.7666388154 0.9154992104 0.7372000217 0.7051405311 0.5694776773 1.262686014 -0.5494704247 -0.08813399822 -2.025969267 -0.1260311306 -0.3201272786 -1.056061029 0.9385994673 0.629303515 1.173674941 2.00472641 0.4570840597 2.425444841 0.2609338164 0.8679324985 1.148695111 -2.39333415 -0.4430263042 1.287873149 0.729993999 0.8159194589 1.031186342 -0.7392398715 1.814984918 0.8842877746 0.7230357528 0.8546141982 -1.828979373 -0.2786526084 0.3954885006 0.4496339262 -0.2752321064 -1.65320766 -0.163598001 -2.033532143 -1.492994666 -3.457268238 -3.196600914 -0.1483011693 0.1441327184 0.8593027592 -1.405041575 -0.848176837 -1.175583839 0.8430545926 1.017066121 0.6490719318 1.283604026 1.526690364 1.734586358 0.6965574026 -0.6745778918 0.996499002 -0.1741823107 -0.04380559921 -1.84901154 -0.472897023 2.627444983 -2.147537708 -2.076634884 -0.7003743052 1.270038009 1.488265157 0.5602500439 -1.36844337 -0.01918627135 0.4255610704 -1.472924829 -1.336098313 0.07968580723 -1.343143225 -1.018803596 -0.4629633725 -0.4417127371 -1.037225842 -1.333624005 -1.360161304 -1.301893592 -1.247188926 -1.146936655 -1.352389574 -0.4122912884 -1.140754104 -0.6749605536 -2.389160395 -1.610781431 -1.310899138 -1.045684934 0.8809027672 -0.3118868172 1.36049974 -0.8191904426 -1.17613256 -0.07478333265
0.380376339 0.2833501399 0.5589921474 0.04972491041 0.9396705627 1.164079785 0.8667468429 -0.08091396093 -0.1382512301 -1.057271838 -0.4302315116 0.5400471091 0.3865329921 0.7861209512 0.5911080837 -0.07977175713 -0.591737926 0.0623649992 -0.5511054993 -0.7993349433 1.035881758 0.05063200742 1.138481855 1.875114918 1.351140022 1.181162715 0.7866179943 0.8008019328 0.9899976254 0.9063078165 0.5661783814 -1.6014359 0.2444797754 1.08656311 -1.569080353 -1.470145106 -2.381962538 -1.598635554 -1.884172678 -0.9537080526 -2.032783508 -1.271538258 -0.2839217782 0.8610759974 -0.2630078793 -0.9095654488 -1.449855208 -1.114922762 -0.1547510028 -0.8124130964 0.1099258512 0.3665908575 0.5393832922 0.2571754754 0.6450614333 0.8998079896 0.2237839997 0.1468140036 0.09404352307 1.341787219 1.487252712 1.384983301 2.001818419 1.587203622 1.868115902 0.1837708056 -0.2823597789 -0.4428289831 1.049993277 0.2229308188 -2.647646666 -1.061307311 -0.6327002048 2.051129341 1.640424609 0.5426752567 0.9532718658 1.064558864 0.7703104615 -0.4470213056 -0.3137539327 0.9475345612 0.7608375549 0.317498982 0.6420482993 -1.263925433 -0.7563753724 -0.8721488714 -0.5171607733 0.01135100797 -1.027641177 -0.9203923345 -1.111275911 -1.074365258 -0.9766958952 -1.128479719 -0.4344261885 -1.911569118 1.347509742 -0.5152255893 0.4853603542 0.539644897 1.593855858 0.3488534689 0.2115479112 -0.4023094475 1.312285185 -0.07557676733 -0.08965902776
1.954420328 -0.5319142938 1.291341543 -1.531224132 0.6799839735 -1.064608574 1.319670677 2.170268774 3.174010277 4.365894794 0.2961379886 -0.2970886528 -0.220469147 -0.7538719773 -0.9471969604 -2.006428242 -0.4890093803 -0.1548410058 -1.694304705 -1.948816657 -1.035067558 2.787009478 -3.926461458 -2.290264845 1.148128033 1.896650434 -0.9636210799 -2.562506676 -1.219333053 -1.18723309 -2.145138264 -3.402040005 -0.6067377329 1.671657562 3.160737276 3.244799852 2.994591713 4.543069839 3.348586798 1.65374577 2.893119097 2.353128672 -1.299835324 -0.98688972 2.691270113 2.086729527 2.161915779 2.9594872 -0.141971007 0.8491791487 -2.131919622 -2.175045252 -1.334256291 0.9200307131 -0.7501784563 -1.072060585 1.263900995 1.772441506 0.8030686975 -4.91706562 -3.927782297 -4.536641598 0.3981166482 1.582348704 3.067251205 -0.877383709 -0.9051421285 0.2958071828 -0.4005639255 0.9212768674 -2.212236404 2.986608505 2.938835144 -3.523181677 -3.660860062 -0.3354081213 -1.665878654 0.5484320521 -0.8133476377 3.232260704 -0.5176291466 -1.951500773 1.135387063 -3.0250175 1.06644237 0.6645115018 1.829405785 0.3820143044 -4.04538393 -2.16065383 -1.246842146 -1.080598831 -1.223471642 -1.293458581 -1.341682196 -1.255547047 -0.3714783788 -1.314069867 1.743639708 -1.349681258 1.174692273 0.7805616856 -1.901193261 0.5144031048 -0.8338748217 -0.008072516881 1.551958561 0.5293866992 0.07737096399
0.1052977592 -0.5708175898 -0.3869486451 -2.852678537 -0.5600935221 -0.8608343601 -0.6850090623 -0.1788175553 -0.9636949897 -1.922557473 0.04031969979 0.1131156608 0.4542118311 1.162267685 0.7865283489 1.400791287 0.3223674595 0.1397359967 0.349940598 1.278104424 0.9805696607 -2.365931988 -0.9920600057 -0.1413092613 -1.452043772 -0.3254313171 -0.5342044234 2.838332415 -0.1918894798 0.6983515024 0.2882210016 -0.2678404748 -0.53723979 -1.103439212 -1.517726064 -3.145255327 -1.619576693 -2.378334999 -1.229683995 -1.389636159 -2.421519041 -0.9079650044 -1.321436763 0.9135799408 0.2438880056 0.7248040438 0.9617264867 1.527951837 -0.07982700318 1.333383918 1.467599273 0.4408574402 1.118562937 -0.7406691909 0.755684793 1.479733706 -0.9528609514 -1.015790224 -0.2944435775 -1.152148366 -0.8812550306 -1.028352499 -2.502545118 -1.782696009 -2.304536819 1.127269983 0.2329661399 1.2915411 2.282390118 0.05355381966 0.6418609023 0.04353325441 1.49103713 2.566735744 2.48099041 -0.0661265403 0.948628962 -0.07379487157 0.5852802992 -2.080689669 0.336094439 -0.2445642948 -0.1473018229 -0.8718474507 0.3058284223 1.867663145 0.3852636814 -0.2017338723 -1.460489035 -1.002410173 -0.8605161905 -0.9952542186 -0.6678273678 -0.6260094643 -0.7700557113 -1.105073571 -0.1718467176 0.1167464554 -0.4376487136 -2.089383364 -0.1445355713 -1.023666382 0.7888928056 -0.4444590211 -0.2311601192 1.262292266 -0.9523748159 -0.1430680454 0.07024586201
-0.1216299757 0.05706432834 -0.116616711 -0.2716892362 0.06821919233 -0.4188696742 -0.06702408195 -0.05808894336 0.5882457495 0.0646315217 -0.3213893175 0.2368410528 -0.8682736754 -0.4792895615 -0.2881913781 0.2063612491 -0.3454018235 0.03913800046 -1.123675585 -0.635835886 -0.3477385044 0.2136935443 0.3169326782 -0.1581169069 -0.6302213073 -0.5494725108 -0.02770955488 1.470929027 0.02251331881 1.176423788 0.08949825168 -1.376232982 -0.1388296932 -0.6630120873 0.3440444469 0.1872121692 1.44257462 0.2094533294 0.9975028634 1.218144417 -1.064188123 1.147507906 0.2467716485 0.5086716413 -0.4798368812 -0.8340499997 -0.0879560858 0.7178177238 0.003228999907 0.5571138263 1.590290904 1.393676162 1.443507195 0.3504734933 0.265791297 1.161170959 -0.4789123833 -0.580961287 -0.3683912754 -0.9457693696 0.04536851496 -0.07292746753 1.090601563 1.231540442 1.788488507 0.01290278509 -0.6911731958 1.182485461 2.159611464 2.025943279 1.18178153 1.192134261 1.93041718 1.136152148 0.3275942504 -0.6665623784 -0.935295105 -0.325732559 -0.0008240208263 -0.6593437791 -0.7008541226 0.2162373662 0.7777488828 0.01794389822 0.2376741618 0.2994714677 -1.114948511 0.6489713192 -0.1158229411 0.01538977679 -0.8065680861 -0.7325448394 -0.9014577866 -0.879067719 -0.8103672862 -0.7273495197 -0.2705742419 0.6062045097 -0.03762250394 0.5817893147 0.6652610898 0.9410447478 0.5639109612 -0.07725459337 -0.03453667462 -0.8424071074 0.7416194081 0.0498567149 -0.1249811351
0.860966444 0.441485554 -0.5483279824 -0.9989210367 -0.4879679978 0.210012123 -0.9348095059 -0.6023496389 -0.2870325148 -0.05170787871 -0.2862318456 0.4979679286 0.7385832667 -0.1110005975 0.1729807258 0.418866843 -0.6733010411 0.02797099948 -0.6568857431 -1.132332087 -0.8488255143 -3.604285002 -0.9588523507 -2.165319204 -1.736570477 -1.817552209 -0.1901052445 -1.962771297 1.090785623 -0.4418714643 0.219548896 -1.629383922 -0.7759021521 -1.861090541 1.542250514 2.061046124 1.783929348 1.271887541 2.008503675 1.272236824 2.80509758 1.233551502 1.338595152 -0.5695598722 1.846196175 1.392710924 1.477804065 2.773827076 0.1227679998 0.06341021508 -0.9700676203 -1.131860971 -0.8821493387 0.3867693841 -0.3337786794 -1.024536729 1.125039577 1.337035894 0.7339948416 1.087995172 1.767460227 1.306417346 1.722757936 2.637624025 2.488526583 -0.501290381 -0.6436889172 1.270084143 1.138891935 2.005794287 -1.292360663 3.184885979 2.635008574 -1.753395796 -1.068034887 -0.6108033061 -0.1875169426 0.3213929534 1.54521215 2.914675951 -0.8657082915 0.9046625495 1.175678134 -1.384757757 0.6299958825 0.149742797 -0.02525552548 0.5149315 -0.592856884 -1.031259418 -0.3994675875 -0.3611530662 -0.4244788289 -0.4051154554 -0.5054649711 -0.2044721991 -0.03093120269 -1.289088845 1.631252646 -1.231877565 0.9747131467 0.5445677638 -1.106582403 0.981174767 0.0854728967 0.3269084096 1.931664824 0.5179308653 -0.2682588398
-0.2123278975 -0.6743582487 0.1209164262 1.900950313 0.2070340216 -0.1143078431 0.009068363346 -0.05666022748 -0.6405159831 -0.3636713922 0.4372805059 -1.393472552 -0.4933525026 -0.1349926293 0.08923622966 -1.200226784 0.5376377702 -0.1326790005 1.922501802 0.3834267855 0.8372039795 -0.124793306 0.3922370076 -1.282007694 -0.1218708381 -1.520765424 0.05338654295 -2.38296032 0.3756630123 -1.191886663 -0.8832926154 0.524092257 0.6032291651 -0.6079490781 -0.006575113628 -0.3686309159 -0.887135148 0.7272892594 -0.9523482919 0.3141354322 1.575457811 -0.22351408 1.340979338 0.6705402732 0.6794104576 1.176968336 0.4009324312 1.104442716 0.1903019994 0.7217600942 -0.2618111372 -0.1516126096 -0.999815166 0.2750280797 -0.1202348322 -1.192418337 1.360006809 1.12522912 0.9106702209 -0.9156560302 0.1220337451 0.04473581538 -2.355902672 -1.78692317 -2.413312674 -0.3903323412 0.8383882046 -1.099821806 -1.867289424 -2.445640802 0.1156112701 0.7308519483 -2.16609931 1.005260348 1.392471075 1.169189334 -1.173958421 -1.79404223 -0.3045426607 1.892556071 1.25250864 0.4767598808 -0.1997842342 1.334495783 0.4741823077 0.3951412439 1.543722034 0.7677436471 1.165057659 1.112758517 0.6543789506 0.669511795 0.5437617302 0.610884726 0.4432101548 0.5081914663 0.4342325926 0.5514699817 0.4183634222 2.009224176 0.2421144247 1.479126573 1.095855355 -0.3047946095 0.7986574769 0.874024868 -0.06716229767 1.231966019 -0.1157124713
0.8083602786 1.16395843 0.8700722456 1.284539938 0.8679729104 1.4470222 1.02380228 1.531572938 -0.2887694538 0.34178859 0.3855138719 0.4805179238 0.4523158967 1.61785531 1.299097657 0.3629549742 0.3497459292 -0.117614001 0.7310907841 1.234550118 1.706881285 3.334017277 0.4489813149 0.8686347008 1.393705249 1.990162969 0.697285533 -1.991516948 0.9572787285 -0.9297555685 -0.2093865275 -3.016800642 0.8926927447 1.727300525 -1.267490029 -3.081455708 -2.509130716 -1.17891109 -1.985954404 -2.747471809 -0.94631809 -1.419432044 -0.6826678514 -0.2951839864 0.716191113 -0.7885929942 1.387548566 1.447249293 0.009305000305 1.212279558 -0.1375796199 0.4991837442 -1.967305422 0.4709780216 0.4110298753 -0.9118440151 2.471417665 1.291355848 1.580416441 0.396014154 -0.5949919224 -0.3955539465 -2.015900135 -2.259277105 -3.08394289 -0.1366085857 0.3433127999 -0.5809935927 -2.076057196 -2.90052557 4.341442108 0.4825374782 -2.426295519 -1.103583455 1.812413454 0.8189625144 0.8816218376 0.1940164417 -0.08543016762 1.985712051 1.049132347 0.747807622 -0.3303391635 1.151992202 -0.0964133814 1.090894103 1.043775439 1.135129333 0.6177536249 1.32221663 -1.296845198 -1.321245432 -1.336231947 -1.326969147 -1.316051483 -1.426401019 -0.6385877728 0.3031082749 -1.420207858 1.505139709 0.8611001372 1.128348708 -0.7173238993 -1.470228314 0.3519082963 -0.9186701775 -1.554073215 1.804755688 -0.01637819782
0.20068039 0.2810494602 0.6893514395 -0.3528002501 0.241908446 0.1823974103 0.8111616969 0.3214041293 0.7534211874 2.151508808 0.586779356 -1.237272263 -0.480579406 0.358791858 -0.005183833186 -1.576744914 0.5001208782 -0.1843159944 3.134769917 0.1410537213 4.31595993 2.967959166 -0.4728608429 -0.2173986733 0.5260511637 0.5589715242 0.1758165807 -2.307018518 -0.4729014933 -1.052034736 -0.489769876 0.7108948827 -0.6253185272 1.97945261 1.259028316 2.1350348 0.2377910912 3.003561735 -0.008205221035 0.3308416605 2.43159914 0.6144223213 3.131922007 0.6336171031 -0.6672881246 -1.222553492 0.3190988004 1.839102983 0.1572619975 2.087094069 -1.902998805 -0.7219994664 -0.9436655641 0.418710351 -0.8843060136 -1.319321871 1.156654596 1.583421707 1.097095609 -1.692921877 -1.8013376 -1.696160793 -1.305090785 -0.5600847602 0.4897418022 -0.4581745863 1.523151636 -3.920891762 -2.864392519 -4.263521671 -2.592914343 1.537151814 -2.338072538 0.9099605083 1.304005742 4.505106449 -0.3739440441 1.288795948 -0.3169876635 2.304668665 0.996861279 -0.6245961785 0.8199546933 -1.059913516 0.1410428286 0.5015997887 2.62757206 2.17479682 -1.594713926 -1.179874539 1.511319995 1.337245226 1.4419415 1.377424955 1.106526017 1.351467848 0.8727926016 0.220661521 -0.4923886061 -2.737851381 1.47432065 2.047888994 1.23085022 -0.1761175394 0.288671881 -0.9693827629 -0.3355242014 0.9988719821 0.3414749801
-0.7670072913 -0.3724616468 0.6690277457 0.6515570879 0.6517026424 1.18676877 1.816435337 1.300442815 0.9135742784 1.138571858 0.3357817531 -0.1678721011 0.3994577527 0.8164466023 0.9944975972 0.9673101306 0.4634702206 0.1091289967 1.408615828 1.280945778 1.391386986 5.299949169 1.444447994 2.077538967 2.677365065 2.405707121 1.039642692 1.128067136 1.153885126 1.10896492 0.8530653119 -4.39274931 -0.718352735 1.66417408 0.7188962698 1.901566386 1.299620986 1.100750566 0.9668015838 1.656038761 1.356985688 1.103640437 1.948342443 0.5091693401 -1.591590285 -1.705063462 -2.162251234 -0.270111382 -0.1902090013 1.164519429 1.049210787 1.053970337 1.739955544 1.084879994 0.7132147551 1.093656063 0.6801493764 0.4649971724 0.514090538 1.856793761 1.558746219 1.45420301 -3.250091791 -2.619310379 -3.48566556 0.4182096124 0.7673045397 -2.120181799 -1.353701472 -0.6362473965 -1.531130314 -1.211496711 -1.549017072 0.7439376712 -0.03427864611 1.82005775 0.6424177289 0.06173438579 0.2241630703 0.387449801 0.9938758612 1.579956889 0.9434875846 -1.276871085 -0.8500041962 -0.2632010877 0.9725577235 0.8807467222 -1.459879518 -1.273317099 -1.789876103 -1.890459895 -1.776576161 -1.669933438 -1.737636447 -2.057590008 -0.7581576705 0.9684106112 0.8755239248 -0.6823663116 0.9714487195 2.115202427 0.7605312467 0.7055630684 0.5861779451 -1.663543582 0.3842512071 0.5185523629 0.2312017828
-0.8303999305 1.423736811 0.708517015 1.684831142 0.8571965098 1.072417259 1.966787815 1.841403842 1.320248485 1.891551495 0.6314102411 -0.3803614676 1.098519444 1.058444738 1.422964692 1.252997041 0.6339172721 -0.06825400144 0.321244508 2.110182047 -0.1919625252 -2.88324523 2.323055267 0.889677763 2.287642002 0.9323787093 0.9420467019 0.9756749868 1.004387736 0.9626862407 0.9760979414 6.126268864 0.7385487556 1.002252936 0.4562807679 1.302131653 1.275322437 -0.3633128703 2.129411221 0.9532319307 1.169984818 0.9793604016 -2.092036486 -0.9526786804 -2.73372364 -2.518036604 -1.087014318 -3.038200378 0.08320000023 0.05138476193 0.840829134 1.183578253 2.357543468 0.9136272669 0.5371952653 0.7580116391 0.8356986046 0.5475747585 0.5933749676 2.789513826 2.295900583 1.987146974 -2.810765505 -2.35901618 -3.300368071 0.6079108119 0.5633251667 2.064899445 1.216759562 2.3390553 4.574361801 0.1417151988 2.203190327 -2.507411242 -2.379699945 -0.50657022 1.365725517 -0.006145933177 -0.3387896419 0.6801577806 1.095097899 1.238270998 -0.5942491889 2.115859747 -0.3670812845 -1.222114921 -2.577821255 0.5525387526 1.219499826 1.535645366 -1.520074129 -1.550529361 -1.393473387 -1.350938082 -1.448902726 -1.566655397 -0.7021679282 0.6871506572 -1.602196693 1.616810918 -1.185585141 -1.067022443 -1.758189321 0.8356487155 1.311065793 -0.8770109415 -1.994587541 0.7500141263 -0.1245826706
1.545960784 -0.06041796505 0.8230283856 2.30457592 2.098819971 2.138664246 -2.750607491 0.4512595236 -2.276101112 -1.587037086 -1.525204778 -0.6652336121 -1.080517054 -0.5740510225 -1.151128054 -0.4173498154 0.1106445566 -0.04145599902 1.557376862 -1.602013469 2.042866468 5.222704411 1.535689712 -3.698571205 -3.093611717 0.0499342531 1.485468984 0.5280604959 1.856693625 1.291813254 -1.589358211 2.223334312 0.03812208027 -0.6066949368 -1.628151655 -3.304875612 -1.641236663 -1.446172118 -0.5708579421 -2.568436384 -2.359013319 0.9314770103 -0.05665035918 -0.6688951254 3.386912107 2.087773561 2.732014656 2.155073643 -0.03884999827 0.6890425086 -0.6177984476 0.6863449812 -2.090360403 -0.2659237981 0.4620663822 0.8759488463 0.4429204464 -0.3611688912 -0.552438736 1.05266571 1.507712841 1.76501298 -0.9514141679 1.22152853 -4.13937664 -0.8029820323 0.4709061384 -3.644995928 -3.342775822 -4.594499588 -3.819505215 0.1046470851 -3.427900791 -0.7308279872 0.2883149087 2.580617666 -1.971326828 -2.137446404 -1.360329151 -0.3121261001 -1.723223448 1.152876973 -1.054600477 -3.743234158 -1.033396006 1.693998694 4.251027107 -0.5058864951 -1.012680769 -2.400812864 0.1567903459 0.2730740905 0.1257407069 0.07491698861 0.2367722392 0.3648317456 0.1145800352 -0.6551270485 -0.869269073 -1.940476775 -0.005145404022 2.378638268 -0.8368992209 -0.2779361904 -2.248635292 1.495707989 -0.601850152 -0.7678625584 -0.1186857074
-1.194981456 0.2611925006 1.152366161 -0.1110151783 1.232139468 1.709603548 2.03446269 -0.3080690503 0.9461997151 1.689607143 -0.04792167991 0.4749440849 -0.7621767521 0.6558920741 0.809681952 1.053622127 0.04512963817 0.05507700145 2.467903852 -1.412417173 1.791187525 -5.150854588 1.836943865 3.499346495 2.932554245 2.975809336 1.262311697 1.173576355 1.404032469 1.298942447 1.559972525 2.963538647 -0.7016170621 1.999793053 1.24283731 2.427055597 1.264507294 1.457100034 1.151797771 2.167607784 2.398971558 0.8566242456 1.910669327 0.5905191898 -1.213042259 -2.683410406 -2.429240942 -1.868172169 -0.05161799863 -1.439272165 1.436767697 1.23862195 2.392378807 0.9739331007 0.8208109736 1.115364671 0.07869549096 0.2241637856 0.2815057635 2.95973444 2.595668793 2.854455233 1.752693772 1.61385119 2.497170448 -0.3992096186 0.7324412465 -1.697247624 -1.29057312 -1.263782978 -4.037203312 -1.750266075 -1.105883837 0.6668994427 -1.473276734 0.2951829433 1.469108582 1.736633778 0.7061629295 -0.08856683969 -0.8165816665 1.56065774 -2.259906769 -1.728342533 -0.8023548126 -0.9160439968 -0.9362561107 0.9316981435 -0.9554471374 -1.615257502 1.868560553 1.725800991 1.916278243 1.733304381 1.512243629 1.672447681 0.9482882023 1.323933721 -1.829792976 -3.384660482 -1.269112825 -1.290779114 1.084595323 0.7936742902 0.778273046 -0.6740369201 -1.24070251 0.3633763492 -0.04062429816
0.7036729455 1.221517563 0.6542458534 0.3842294812 0.8040207028 1.179963589 0.9831047058 0.9452618361 0.2980851531 0.333974123 -0.1314567775 0.7424585819 0.8620185852 0.7907581329 0.3969161808 -0.2283142209 -0.7149841785 -0.1842489988 -2.302894354 -0.661487937 -0.52031672 -0.1715574563 1.311509967 1.768384814 1.405903578 1.902563095 0.3686775267 -0.8292892575 0.3941618204 -0.5921118855 0.6018120646 3.606366396 -0.2432797849 1.306280017 -0.7535200715 -0.3725427091 -1.571972489 -1.343753457 -1.131189942 -1.868908763 -1.297299981 -0.9465740919 -1.556132436 0.3924858272 0.2688807547 -0.8315499425 -0.2553741634 -0.9835311174 -0.003550000023 -1.039863706 -1.217948437 -1.0138973 -1.313873887 -0.3084050417 -0.5212378502 -0.7329127789 -0.3842185736 -0.1849347651 -0.2111284286 1.132110715 0.5262143016 0.3738032877 2.564575195 2.416135788 2.796129465 -0.2203708887 -0.8743696809 1.892131686 2.444318533 2.872118235 -0.00270649977 0.4677630961 2.883420944 0.01401227806 0.0120893186 -0.8205391765 1.343634605 1.5583601 0.3115265071 -0.05027834699 -0.3159554303 0.332832396 1.447488546 -0.8576473594 0.6710082293 -1.24601686 -1.692747593 -1.027662396 -0.374358654 -0.9397082329 1.699565053 1.587254047 1.585407495 1.559445739 1.597951293 1.462782979 0.7418701649 -0.7339226007 1.484700203 -0.8352326751 0.2754458487 -0.4602420628 0.05299367011 -0.06462626159 0.5293037891 -0.1667872816 1.895110488 -0.4224630594 -0.4221166074
-0.9445114732 1.452527165 1.097576976 2.491935015 1.046391726 1.972359419 2.306601763 0.7614119649 2.23103714 2.378442049 1.577689767 -1.609102845 -0.3251264691 -0.6923851371 -0.866859138 -1.716261625 0.5237722397 0.05327099934 1.918500781 -1.631934404 -1.337635279 -3.469008923 2.408176184 1.055439591 2.063555717 0.6429309845 0.8530535698 -2.444345713 0.7973325849 -0.5393639803 0.3014468253 -1.199927211 -0.3944042921 1.564656615 2.24150753 3.887352228 2.504038334 3.294069529 1.080682635 2.675814629 3.007997513 1.876755834 2.746961117 0.822751224 -1.335382342 0.9701719284 -1.688573718 -2.407227993 -0.04780999944 -1.319472313 -2.236789465 -0.8965885043 -0.779538691 1.339616179 -0.9565489888 -1.15967536 1.388162851 1.927893162 0.9182017446 2.888835907 2.215709209 2.110358238 2.215442896 2.719062805 3.436770678 -0.5994784236 0.97901088 -0.6350304484 0.4888880551 0.5145330429 -3.07604599 0.2370154858 -0.01683917828 1.666467309 -0.1118532345 1.851654649 -0.82635355 -0.6567590833 -1.347203016 4.158501148 1.865722418 1.158324838 -1.463096619 -1.225080848 1.416588664 -1.738577962 -0.7853103876 1.090471864 0.5326126218 -0.9960550666 -0.7907909751 -0.8203547001 -0.7853714228 -0.7674518824 -0.7798820734 -0.8302618861 -0.3723012805 -0.329860121 0.8271565437 -0.6442703605 -0.6877341866 -1.763438702 1.301173568 0.1012659967 1.839450121 1.795107245 -0.1105042398 0.3474296629 -0.3997852802
1.215283394 -0.4153960645 0.3063642383 -0.3649903834 0.3989127576 -0.2879704535 -0.5989120007 -1.691702127 -0.08069959283 -1.661235452 1.081675887 -1.10968554 -0.2366269827 -0.7710083127 -1.07365644 0.8546551466 0.4230606258 0.1306280047 1.785623193 1.473484039 -0.6542387605 4.734817982 -0.9177368879 -3.23546052 -1.62632215 -2.022117376 -0.4567420781 3.785553455 -0.1542407721 1.482713819 0.1403828114 0.6700666547 -0.4212467968 -0.8294876814 -1.064524412 -3.282221794 -0.7297872901 -2.800259829 -0.01923536323 -2.209486008 -2.804032564 0.5175872445 -1.165111065 -0.4375336468 0.6381033659 2.563864708 1.930636644 1.58825779 0.08686500043 0.9231208563 1.905600548 1.145834565 1.348064423 -0.4435249269 0.5397837758 2.086307287 -1.307964087 -0.8594530225 -0.704310596 -1.827570438 -1.326823711 -1.444813609 2.54695487 2.870676517 2.899503231 1.219523668 0.4538286328 -0.2505261302 -2.435769558 -3.264006615 -4.473330021 -3.42725563 -0.8868920207 0.3584778607 0.3472546935 0.6279786825 -2.482602119 -2.300159216 -0.428281188 -2.808491707 0.7761932015 -0.06481628865 -0.6240586042 -1.264298558 1.329332352 2.465070724 0.4565950632 -1.064772725 -1.394396305 -1.199450135 1.098403454 0.9879990816 1.087072968 1.143284917 0.9521561861 0.9341926575 0.6207393408 0.08109711111 -1.185101151 -2.388796568 -0.6993473768 -1.224965692 -0.3301703036 -0.8635670543 -0.7128913999 1.952498317 -1.759046197 -0.7120587826 0.1748577952
-1.174089313 -0.3635163009 -0.2349926531 -1.203259468 -0.2473283857 -0.5375957489 0.09243835509 -0.6180620193 0.3429937661 -1.117103457 0.07682209462 -0.8222844005 -0.9389393926 -0.5933538079 -0.5717706084 0.26692307 0.1255090237 0.09967699647 2.655222178 -1.125230908 0.8938889503 -3.342183113 -0.6421738863 0.2727805972 -0.05454617739 -0.6680554152 0.2640010118 1.377916694 0.6403415799 1.240452528 -0.5415334105 1.29699111 1.118236184 -0.7126797438 -0.4592536092 -1.072116137 -1.808656216 -1.140467525 -1.388913751 -0.4817539155 -1.896687388 -0.6260217428 -1.516625762 0.6318494081 -1.033560038 0.6012816429 -2.052668095 -2.231244087 0.001489000046 -1.356129527 1.804349303 0.8017323017 1.438926101 0.4090738595 0.5778723955 1.306070328 0.2741301954 -0.01309090294 0.7192831039 0.01755671762 -0.1101490259 -0.9506236911 0.968474865 1.484090805 2.743322372 0.1952403635 0.3664497137 -1.360672474 -0.6038658619 0.5927300453 1.121146679 -2.480981112 -1.274237633 2.501665354 0.8734369278 0.7728515267 -1.205543399 -0.3275325894 -1.38799715 -2.643799305 0.5985861421 0.3787437677 1.049533367 1.580150962 1.028156877 -0.8618778586 -0.8462073803 -1.23757267 1.313084483 1.08584702 1.3798002 1.193298459 1.360773087 1.317252398 1.14318049 1.193317533 0.7586218119 -0.07283711433 1.394043088 0.6567885876 0.284062922 -1.097784638 1.548365951 -0.4680401087 0.8578434587 0.7155627608 0.6829531789 0.2929854989 -0.03888259828
1.37932229 0.3616882265 -0.2667013407 -0.1460916996 -0.2577062845 0.1906825155 -0.8487258554 0.7633572817 -0.9209581017 -0.3166240752 -0.6830218434 0.8262009025 0.2761102319 -0.1246249452 0.3874534667 0.3441370428 -0.5645064116 0.1937859952 -1.134560704 -1.02691865 -0.8506299853 -5.95918417 -0.8548361063 -1.971493125 -1.578577399 -2.01782465 -0.1656273454 1.498993278 1.203698516 1.47996676 0.06981692463 0.2676986754 0.5578179359 -2.058150768 1.334675908 2.240425587 1.93439734 1.229429126 2.011069059 1.580800653 1.363813043 1.494343042 1.893541574 -0.6518346071 2.693888426 1.725398779 2.354660749 3.210185766 0.09876099974 0.6120094061 2.144375324 1.978684187 2.638301611 0.9975286126 0.7954470515 1.32736671 1.002535224 0.7467216253 0.710567534 1.450007558 1.889257789 1.447437882 -1.943892479 -1.418409586 -2.475867271 -0.4360171556 -0.6973995566 0.5456117988 0.5451548696 -1.043988943 3.922420979 1.936551452 1.205412745 -1.150443196 -1.308256269 -0.9350291491 -0.1667193174 -0.9653117657 0.5847432613 0.9180345535 -1.246336341 1.080994129 -1.047647119 1.504597068 -0.5910851359 2.17924881 1.28456521 -0.5324788094 -0.1216776744 1.011360645 -0.9486655593 -0.9767297506 -0.983561039 -0.9107500315 -0.9347789884 -0.9093615413 -0.4036814868 0.6414827704 -0.8533389568 0.1878839135 -0.2351481318 2.169012785 -1.515750885 1.019334197 -0.8016992211 1.24481523 -0.1511838287 0.664958477 -0.3407073915
-0.9586392641 -1.416395664 -0.5932499766 -2.916254997 -0.6063781977 -1.350110412 0.6642158628 -1.397248387 2.50203371 1.5925951 0.08129654825 0.780353725 0.4697122276 1.230325818 1.584254146 1.324055433 -0.03555367887 -0.07043399662 -0.7615762949 -0.6785402298 -0.8041576743 -4.077272415 -1.682391644 2.433160782 -0.2750801742 -1.090912342 -0.6846243143 1.33977592 -0.7564227581 0.5666766763 0.0287474338 -2.467648745 -0.552077949 -0.1325903386 1.405149937 0.2919204533 2.22996521 1.915999413 1.79753828 2.74565959 0.8204945326 0.7793260813 0.1340481341 0.6695800424 -0.5703672171 1.005763292 -1.29193759 -1.398123384 0.1040259972 -1.065615535 1.46000433 2.155982256 2.841778517 1.109974027 1.009737253 1.477562189 1.022698045 0.5806390047 0.5905083418 -1.531628251 -1.10814333 -0.9165483117 1.143246889 1.504266024 2.976745844 -0.5973902941 -0.3861979842 1.175553322 2.461461782 -1.765820622 -2.79336381 2.887597799 4.034267426 1.102124929 -0.6724042892 -1.175643444 2.499456406 2.81449461 1.448132277 0.9473574758 -0.4287356138 -0.7322505713 -1.97777617 -1.1166085 0.1375398636 -0.7331852317 -0.8642567396 1.04370892 0.1540191174 -0.8880723715 -1.228254318 -1.156850457 -1.21965766 -1.146677375 -1.063167691 -1.2836169 -0.6408833861 0.8795657158 -0.4171533287 -1.806581974 -1.194437981 -1.538042068 1.035345554 1.027777553 -0.3331088424 2.3902843 -0.3416875303 0.6808151603 -0.5499144793
0.7694303989 1.686757088 0.804926157 0.3153385222 0.9062142968 1.517228723 0.8178009987 1.458501697 -0.2470481992 0.5440752506 0.2486172318 -0.5773395896 -0.5426640511 0.01000179257 0.03330076858 -0.3276194632 0.0175226517 -0.007216999773 0.9866191745 -0.8094286919 -0.49499318 -0.2661143541 2.478172779 0.2216807455 1.303594828 0.07581255585 1.060885429 0.3552601933 1.311813354 1.188044071 0.2568235993 3.594687939 -0.6986608505 1.23695147 0.492842555 1.165583849 1.532012463 0.09635671228 0.3331288695 1.246370554 -0.2287902981 1.436069965 0.7927127481 0.3142932355 1.129501939 1.164641023 0.05007608235 0.07901577652 0.1384990066 -0.6094030142 1.331400037 0.6994203925 1.228780627 1.414548874 0.4958268106 0.431883812 0.9505450726 0.8290105462 0.8202806115 2.143292665 1.762289405 1.910951257 -1.838597655 -1.468087435 -1.945004225 0.02019474283 0.185298562 0.2705830336 1.000481844 0.8035610914 0.26587376 0.7144004703 1.571157575 1.109489799 0.4000048935 0.7230550647 -0.8921470642 -1.424026489 -0.2376675755 1.229095578 1.068518281 1.323515058 1.152152896 -0.8470129967 0.1237647533 -0.6145116687 0.1551426798 0.1905988306 -1.110785842 -0.8734045625 -0.8172021508 -0.7987279296 -0.9764805436 -0.9591979384 -0.8433659673 -0.81831038 -0.5989671946 -0.4719245136 1.523337364 -1.087438464 0.4409246147 -0.2453024685 0.2635721266 0.03804453835 0.5580829978 0.7130426764 1.312882423 0.7176391482 -0.2504659593
0.3518656194 0.2129224241 0.4439918399 0.100230433 0.3981874287 -0.3284092546 0.9377982616 0.8882942796 0.07617551088 0.4322951734 -0.2965483963 0.3712015748 0.2674552202 0.8923820853 0.7114707828 0.1671083122 -0.1167152599 -0.1698720008 -0.06610181928 -0.5598247647 0.9189141989 0.3526638746 -0.5528655052 1.955634117 1.321763635 1.434898853 -0.1547423452 -0.06929595023 -0.7373667359 -0.5876859426 -0.1116717383 -1.292148709 1.084121943 1.507975698 -0.4166139364 -0.6438596845 -1.44662869 -0.8250550032 -0.628200829 -0.7993857265 -0.998002708 -0.736374855 -0.4434450269 0.6923346519 0.7151762247 0.9878361225 0.5838722587 1.375327349 -0.183818996 0.2220776379 -1.110361338 -1.604459524 -1.493312836 -0.3593488634 -0.06151441112 0.1199316606 -0.3941879272 -0.4238895774 -0.4418765903 -1.323123813 -1.48803699 -1.718486309 -1.476834536 -2.140928507 -1.863411546 0.3393812776 -0.1880191565 0.6711489558 1.405714631 1.263957381 0.8784352541 0.3922246099 1.026167274 1.58917594 1.780331969 -0.1060363129 1.336267233 1.45147562 0.5036469698 -0.5118636489 -0.2663951814 -0.7507317066 1.123054266 0.2310564965 -0.2484993935 0.2878281176 0.5817404985 0.1561033726 -0.02174301259 0.2931878567 -0.4757511914 -0.4180881977 -0.4238214195 -0.3208910227 -0.152482152 -0.2486150563 0.3878816068 -1.178926468 0.9997107983 0.08985292166 0.746661365 0.8733836412 1.176093459 0.6507344842 0.1664551049 0.5481125712 1.080719948 -0.3344099522 -0.09778267145
0.1583794057 0.1733289808 0.4687229991 1.926315427 0.4591890574 0.3330734074 0.9861597419 0.1426195204 0.7562656999 0.4369090497 0.6383028626 -0.3995001018 -0.6766467094 1.130416751 -0.3592187762 -1.750122905 0.4188761711 -0.1743319929 2.036574602 0.7195672393 2.719216108 1.758967638 0.1353930384 0.7564331293 1.692343116 0.5683054328 0.4105528295 -0.6154721975 -0.8204194307 -0.9769090414 -0.1420488805 -2.506962061 1.06901288 1.78914988 -0.7571343184 -1.123806119 -1.961884499 -0.5799658895 -1.746687174 -1.393557429 -1.529592156 -1.008292317 -0.2849093676 0.905136764 -0.5550384521 -0.7294129133 0.1859412938 1.299131155 -0.07626199722 1.023479104 -1.45686245 -2.49887085 -2.310638428 -0.5622861385 0.02627985924 -0.2118891627 -1.378465772 -0.8471671343 -0.632260263 -1.415524125 -1.947708607 -1.909394145 2.262587547 1.369203925 1.95376265 0.4954497516 1.026450038 -2.786142349 -2.411233187 -3.175575018 -1.864210606 -0.9822265506 -2.36143589 1.75804019 1.90897882 2.005384684 -0.246672228 1.166073322 -0.8526278138 -0.8024802208 1.091013312 -0.9154663682 1.054279208 0.9721980095 0.6921082139 0.9948905706 2.077555895 1.194599152 0.4344063103 0.9983388782 -1.839721203 -1.814962745 -1.759109259 -1.816095352 -1.664026141 -1.914385796 -0.835329473 -1.396248579 0.2510944903 1.738978982 1.188294888 1.342444777 1.724736214 -0.776894033 0.440461129 -1.640944958 0.3312582076 -0.6213825941 0.3025633097
-0.2791244984 -1.176597714 -0.4482626915 -1.222116709 -0.8540143967 -1.038465619 -0.6073246002 -1.090574622 0.05515059829 -0.05129654333 -0.5135438442 1.255555272 0.8452870846 -0.2057528049 -0.2870204151 1.356282473 -0.7586501241 0.1225159988 -0.8206684589 -0.6443205476 1.83458221 0.006828610785 -1.804402828 -0.1327558607 -1.458672404 -0.1926120222 -0.6616514921 1.23022449 -0.725944221 0.3417060375 -0.5591848493 -3.249176502 -0.3266279995 -0.6272945404 0.6690844297 0.0254355818 1.696266413 1.077569962 1.713813782 1.863306522 0.3267508745 0.7964894176 1.987439513 0.4708222449 0.5603800416 1.358224273 0.3484849632 2.565647125 0.1758520007 0.1055060253 -0.4398362339 -1.352819204 -1.409969807 -0.7389202118 0.02553614974 1.088914514 -1.348081827 -0.8578309417 -1.229635835 -1.501216888 -1.089639902 -0.853040576 2.124348164 1.538152456 2.054986 0.005769669078 -0.7146840692 -1.844783664 -1.795487404 -2.266605854 -1.085865617 -0.7549061179 -1.633599162 1.444746137 0.9881572723 0.358504802 0.4718185067 1.48873508 1.394708395 -1.425888181 -1.135079622 -0.6776539683 -1.503628731 -0.3289524019 0.09172455221 1.617188931 1.879116416 0.9977174997 0.03827942163 -0.1905658096 -0.1270688176 -0.2417967021 -0.2286586165 -0.2162810564 -0.2398916185 -0.116421707 0.04533505067 -0.5752255917 -0.6169999242 -0.8832594752 -0.4055391252 1.911509752 1.071915746 -0.1099194661 -0.6607187986 0.7359659672 -0.3693285882 -1.015493035 0.04046025127
0.3219078779 0.0978205055 0.4083220363 -0.6182999015 0.670006156 0.3043553829 0.3179212213 0.8359394073 0.1862246096 -0.01716830023 0.3131757677 0.03022084758 0.5079648495 0.9612179995 0.6128435135 0.6664267778 0.02342112549 0.1428370029 -0.4144337177 -0.2802631557 0.1884741336 1.573209763 -0.5146991611 -0.09599904716 0.2400048077 0.6176773906 -0.1159834415 0.1841678619 0.2785496116 0.09216590226 -0.189823851 -1.861995578 0.7793443799 0.3496816456 -0.6618419886 -1.592726827 -0.8835209012 -1.001812935 -0.1704864651 -1.160800219 -0.7016969323 0.124814719 -0.7207480669 0.4639921784 0.7164779305 0.731353581 0.9986371994 1.267049909 0.1009609997 0.7376496792 0.5820882916 0.0770316869 0.5166082978 0.9861416221 0.461620599 0.3595275879 1.069679976 0.8023021817 0.8878207803 -1.349851966 -0.4460243285 -0.8692604899 -1.395251393 -0.9698421955 -0.7186603546 0.3114539981 -0.02890555933 0.6950216293 0.7496100664 0.2784074247 0.09478264302 1.144220114 0.9978113174 0.02665477246 1.059803963 0.09862327576 0.8094292283 0.7125393152 0.5120970607 0.9356402755 0.471131146 0.2687889636 1.395534277 -0.4277172685 0.4230901301 0.9625052214 0.5938000679 0.3848153949 -0.3329418302 0.04169249907 -0.1444591433 -0.1046685576 -0.09913142025 -0.313336879 -0.1625938714 0.08139760047 0.6238927245 0.4921166003 0.2132162601 -0.2683661878 0.6724255085 0.220001936 0.4090078771 0.1260511577 0.2732500136 0.6998410225 0.452222079 1.010298848 0.1240676343
0.6917474866 -0.484988898 -0.559897244 -2.745022058 -0.5403702259 -0.7692850828 -1.26724875 -0.9589759111 -1.238355756 -2.570046186 -0.9538180828 1.361807227 0.4685714245 0.8711338043 0.7470035553 1.506416321 -0.7703012824 -0.0621160008 -0.9741832018 -0.5629138947 1.186777115 -5.219791889 -0.7109822631 0.2293124795 -1.167137504 -0.5577470064 0.3171905577 2.458967447 0.9891064167 1.149622083 0.08517237753 -3.714519739 1.059470296 -1.439899802 -2.26702857 -3.459641218 -2.283546448 -2.10509944 -1.848567009 -1.387379289 -2.754241943 -1.508252263 -0.7460464835 0.8861197829 1.516832113 1.393991113 1.336678624 2.697746515 0.0412879996 0.5143604875 1.774791002 0.7032696605 1.119207263 -1.133022666 0.9125885367 1.360321403 -1.276566267 -1.29891479 -0.7772114873 0.1204626262 0.95992136 -0.09357108921 -2.124237537 -2.000860691 -2.326442242 0.7733576298 -0.6624841094 0.5929532647 1.764988184 -0.6566229463 3.14566493 -1.056404114 0.7326122522 2.51752615 2.146565914 -1.048738599 0.9318061471 0.6647819281 1.061607242 -2.893623114 -1.156067729 1.197329402 -1.614979982 1.344168067 -0.4083734751 1.851105571 0.3563230932 -0.8050794005 0.05791695043 1.116579056 -1.725407839 -1.800318956 -1.74475944 -1.738517761 -1.672602892 -1.867582202 -0.8166942 0.1608933359 -1.031348228 0.7767899036 -0.7734217644 1.341137528 1.339659214 0.2363778353 -0.7479311824 1.589936614 -0.6419779658 -0.3385374546 0.1529141665
1.40038836 1.286195517 1.270398259 1.514182568 1.010726333 2.073393822 1.189463019 1.476708293 0.7957426906 2.790018082 1.412995219 2.192021608 1.441084027 0.7714242935 1.146265149 1.550083995 -0.91710186 -0.00491499994 -4.092514515 0.4550246 -0.9270704985 -0.8192040324 0.926627636 -0.1057842001 1.406330466 2.802582502 0.2976243794 -1.27620697 0.5366995335 -1.147055268 1.389838696 -0.3740556836 0.7490683198 1.407112002 0.8440482616 1.079667926 1.371270895 0.04891956598 2.566239834 1.537765622 2.336272955 1.062716603 -3.010749102 -0.8295409679 1.180778384 1.30276978 0.1617808491 -1.830372334 0.1730570048 -2.626060009 -2.290163994 -3.574781656 -2.594775438 -1.386768579 -0.934458971 -1.192901969 -1.399055719 -0.7973778844 -1.152744055 1.393921375 1.101615191 1.061610699 0.9580448866 -0.3191023171 0.135879904 1.309619546 -1.729698896 2.051632643 0.5881353021 1.779565334 0.2677654922 1.010812044 2.065216303 -2.812619209 -2.776216269 -1.175646424 1.907861114 1.970053077 1.141778588 -1.011837721 0.8746131659 0.5212213993 -1.54972434 0.9272357225 0.1185360327 -1.24139595 0.2371369898 0.9166201353 1.161269307 0.9775870442 1.280351162 1.244255066 1.466345429 1.287433743 1.566876054 1.19469142 0.7585631609 -0.4505663514 -1.411853552 1.062667251 -1.631532073 -2.799990177 -1.671154141 0.9607827067 0.4303989708 2.334378958 -0.8328799605 -1.121271849 -0.5239440203
-1.851740241 -1.86066246 0.4197223186 0.3152559102 1.216449022 1.142739058 -0.3732450306 -0.5898944139 2.459802866 0.8077932 0.727103591 -0.08593253791 1.802927852 0.8798937201 1.673775792 -0.1697362959 0.3219504356 -0.1549649984 2.378192902 2.162757874 1.726798534 -3.952902317 2.968904972 -1.956615686 -0.9843185544 -2.882878065 0.7161379457 -3.172891855 1.604658365 0.9061638117 0.6248739362 1.904723406 0.9792842865 -3.0646348 0.003966519143 1.581865907 -0.7049399018 2.042031527 0.5773806572 0.9305669665 2.812138081 -0.4228806198 -0.01541626453 0.5289562345 -1.897359729 -2.730761766 -1.587503672 -3.094432592 0.09216299653 -1.563276172 -2.496213198 -1.89384079 -1.119431734 0.1317543834 -0.1590316147 -1.400099158 1.816069961 1.386704803 1.173371792 2.26348877 2.583850622 2.359698296 2.072557211 1.727305532 2.709619761 -0.2094299346 0.6895341873 -0.4334192276 -2.478238821 1.024321795 1.173202872 -1.230796099 -1.544107199 -3.767777681 -2.473470926 1.982748508 1.598227143 0.879430294 1.606950998 4.250326157 1.699372053 2.020501614 1.484636068 2.312479258 0.7221143246 -2.285217524 -0.8542970419 -1.285017252 2.69879365 1.69708395 1.290454507 1.283253431 1.274492621 1.193639517 1.242481589 1.369014859 0.8227183223 -1.770444274 0.09264289588 2.149217606 0.945230186 1.345641851 -0.9937848449 0.8041323423 1.964843273 -1.30576098 1.334852576 1.354113817 0.2913525701
0.06975295395 0.6923635006 0.6632413864 1.402666569 0.4158738852 0.0467884168 0.876624167 1.318727255 0.1751554459 0.2695099711 -0.351622045 -0.1154637933 -1.074055433 -0.04409771785 -0.5558000803 -1.210543633 -0.3949210644 0.03154199943 -0.03999839723 -1.858972788 0.1479090154 1.308466315 0.7022550106 1.461140156 1.52231431 0.4155752063 0.1694608927 0.3795414567 0.0788327381 0.2125944942 -0.4406878948 1.784208536 0.9237371087 1.519393802 0.1255413592 0.07921399176 -1.582202554 0.6237937212 -1.309824824 -0.08396044374 -0.1415079683 -0.542042017 0.477453202 0.6056794524 -0.1144842654 -0.696013093 0.4232598245 1.073891282 -0.01011100039 0.8427016139 0.9109982848 0.7078893781 1.620075941 0.6456326246 0.3646526337 0.2944166958 0.9679467082 0.8617892265 1.196066976 -1.265372753 -1.184896827 -1.305775523 -2.061295033 -1.738403678 -1.556692839 -0.06915152818 -0.4436409473 1.04417932 1.95898056 1.168321729 1.344452381 1.073078036 1.388873696 1.556416512 1.42111063 -0.4647268653 -1.378244519 -0.1504902393 -0.6859986782 1.394562483 -0.418825686 -0.2872331738 0.3500232399 0.527310133 -0.523447454 0.1148087978 -0.0485323891 -0.03669241443 0.06255496293 0.5443573594 1.403582692 1.328714728 1.459929585 1.427240133 1.260128975 1.239630818 0.6510694027 0.558308959 -0.02996811457 0.1931624115 0.4432226717 1.27758801 1.139685392 -0.6337330341 0.09985221177 -0.8784431219 0.4951589704 1.072802424 -0.09320447594
-0.493293494 -0.6553117037 -0.5609280467 -2.376621723 -0.4651904702 -0.9533708692 -0.51150769 -1.251835465 0.5605576634 -0.8817248344 -0.2734439671 0.1300515532 0.5470396876 0.7067686319 0.2968468368 0.777920723 -0.1846002191 -0.1766149998 -0.655790925 -0.07203701884 0.6972607374 2.342572451 -1.105304599 0.5405179858 -0.7729548812 -0.2611290216 -0.3757247329 1.33587563 -0.1979794502 0.7266604304 -0.05536467955 -3.186897278 -0.3309022486 -1.002386689 -0.5609845519 -1.482636333 -1.168290496 -0.8013035059 -0.8781343102 -0.712397635 -1.395980239 -0.7683031559 -0.5457806587 0.4960312843 -1.116826415 -1.060013771 -0.6165151 -1.080621004 -0.08523400128 0.6990773082 1.609246492 2.016119242 1.936827779 0.4719443917 0.4983226359 1.127500892 0.6966795325 -0.1202211305 0.7109299302 -0.8084794879 -0.6951509118 -0.9531362653 2.068471193 1.983720779 2.85303998 0.3032381535 -0.01407820825 1.190569758 2.414426804 1.501958728 -0.7508676648 1.926829696 2.614217758 1.632531285 1.217375398 -0.5461392403 0.2441801727 0.2840419114 0.1727361828 -1.322149634 0.03260135651 -0.4480807483 -0.5463032722 -0.9070515037 0.6665740013 -0.3812150359 -1.506831646 -0.577257514 -0.3183380067 -0.9191274643 1.441535711 1.290799022 1.449300051 1.456630349 1.254207015 1.274868965 0.8121951222 0.1120063141 -0.6212697029 -1.658477783 -0.6430544853 -0.9563302994 0.9130775928 -0.3755321205 0.3222936988 -0.3785878122 -0.7842395902 0.5330963135 -0.1592888981
-1.503149152 -1.445782542 -0.6560848355 -2.221629143 -0.7006124258 -1.224270225 -0.6692252159 -1.909262419 1.218046427 -0.5383548737 -0.8709480166 1.14645505 0.9933621287 1.121804118 1.093759418 1.048794746 -0.6473520398 -0.1154270023 -0.7515180707 -0.337433219 0.2301330566 -3.762316704 -1.701922894 0.611358583 -0.9223088026 0.02326270565 -0.3442620635 -2.93302393 -0.41323632 -1.18258214 -1.020381451 1.746843696 0.2838988602 -0.7498477101 -0.8570782542 -0.7893281579 -1.611351609 -0.5929625034 -1.393996239 -1.977501392 0.1351552457 -0.998301506 0.7967110276 0.6451277137 0.05187414587 1.696271062 -1.447461724 -1.156469584 0.147153005 -1.996615648 -0.1447055638 2.543064594 3.088478804 0.4694343805 -0.403770268 -1.141678929 2.726727724 1.429610968 1.676511526 -0.9313537478 -0.8852066994 -1.164476633 2.056402922 2.161649466 3.489941359 -1.19085288 -0.7301740646 -0.6926378608 -0.1901613176 0.3377940357 1.557804823 1.289268374 -1.009590983 -1.125721455 1.10188961 0.4612097144 1.798954844 1.969154954 0.7321276069 2.71762228 0.2199859917 -0.2869459987 0.9020501375 1.681333184 1.481331348 -1.497899055 -0.7487714887 -0.9978188276 2.788148165 1.249223471 1.90738523 1.972585917 1.910157204 1.867471576 1.783450127 1.983743191 0.8902096748 1.399250865 1.801256537 2.413723469 -0.153481096 -0.237978816 0.2249915153 -0.05279231444 0.5066394806 1.124351859 1.7959975 1.94623673 -0.5649207234
0.5021945834 -1.026930928 -0.4567251205 -0.5913075805 -0.2495562285 -0.2026669681 -0.9795253873 -1.42528069 -0.7237616777 -0.4127501249 -0.4015134573 1.297199488 1.021356702 0.6017252207 1.159789205 0.4939408898 -1.160828829 -0.06292700022 0.7214981318 -1.607104897 2.366752148 -5.688517094 -0.8499112129 -2.749075413 -3.119577646 -2.734920025 0.4022144675 -2.375001431 1.108148336 -0.7104414105 -0.4363571107 -1.778570414 0.6650637388 -2.217752934 1.652193189 2.133167028 1.882147908 2.568323374 1.671921968 1.710324407 2.921574593 1.213923216 2.947118759 0.5001200438 3.393214226 2.129718065 1.104453325 2.472808599 0.1527509987 -0.3222072423 -1.738499522 -1.648042917 -1.443387985 0.3292034864 -0.4119055569 -0.9863122106 1.463461995 1.414857745 0.5827414989 2.241055012 1.921365738 2.195807219 2.517327309 3.076413155 1.979575753 -0.752856791 -0.7499161363 -2.527942181 -3.116336823 -3.132004261 -1.324147344 1.607127309 -2.427954197 -2.509305716 -0.2157845199 1.263462186 1.070943832 0.7140442729 1.625160336 4.059143543 -1.316668868 0.8998370767 -1.580557823 1.074743867 0.3166338801 0.6757816076 3.403919935 0.4081407785 2.088641167 1.14142096 -1.148774266 -1.043382406 -1.23351717 -1.152157664 -0.911198616 -1.051054478 -0.3789606094 -1.552660942 -1.609545231 1.027988434 -0.108195141 2.935891628 0.04728055 0.05492389947 -0.6815136671 1.977757573 0.006277576089 0.6463546753 0.1875939518
0.4870349169 1.75735414 0.8700781465 2.004693747 0.2795282602 0.458129108 1.692544103 0.9459967613 1.97219646 3.266808987 0.4694607854 0.9561677575 0.8096495867 -0.7804282308 -1.208104014 -1.917094469 -1.136638641 0.1841800064 -0.3024302721 -1.584933043 -1.586758375 0.2963139117 -2.669533968 1.333237767 1.572565913 -0.1158415079 -1.084892154 -2.459234953 -1.394496918 -0.2750364542 -1.839827418 -3.36191678 0.698571682 1.787038445 2.208334684 2.968496799 1.983556628 3.776585579 1.476876378 1.558523655 2.444868803 1.553745031 1.665840983 1.17689693 0.9059316516 -0.971729517 0.2253512889 3.731888056 0.04849300161 1.153012395 0.2659397423 0.8584002256 -0.961348772 0.1184471846 -0.2272638828 -0.03981727362 0.8463200331 0.7020754218 0.6551379561 -2.630287409 -2.766408682 -3.333315849 2.195574045 1.859953642 2.898757696 -1.909881949 -1.17946732 1.407635927 1.593730927 0.7694786191 1.610316515 1.191131711 1.033743739 -1.910086155 -0.5841920972 -0.8987055421 -1.74834156 0.1149071082 -0.1003609523 1.357690573 -1.236127019 -1.858789682 -1.371166945 1.153692603 0.9414983988 0.72162503 -1.0431391 -0.02133568749 1.629636407 1.386740208 -1.418998837 -1.173038006 -1.288463116 -1.392248273 -1.200641513 -1.136793256 -0.4833256602 -0.3862905502 -1.973919153 1.963075876 -0.232509315 1.577823043 -0.113161467 0.6825635433 -0.8744103909 -1.088474035 -0.8081313968 0.4285670519 -0.3552114964
-0.4847837687 -2.199936152 -0.01813784987 -2.590379715 0.05368656293 -0.2919749916 -0.3650802374 0.3203258812 -1.046759963 0.03249145299 0.4881566167 -0.5608286858 0.9439868331 0.8954319358 1.408215523 2.107510805 0.5614187121 -0.1355389953 1.791189075 1.178822994 1.593255997 -0.2867773473 1.599164605 -0.3000064492 -1.218497276 -0.4121541083 0.2955296338 -1.325626254 1.071685076 -0.5218952894 0.5273529887 2.973664045 -0.3890110254 -1.765237808 0.1280443519 -0.2364735603 1.758414268 -0.283126235 0.9178277254 1.882905364 1.652797699 0.7539742589 2.389647484 1.126495004 0.5115087032 1.237193942 -0.2862814665 -1.799623609 -0.1881230026 0.6271998286 -2.753408194 -3.714914083 -3.668304443 -1.278977394 -0.5016611814 -0.9428567886 -1.751202941 -0.8168181777 -1.453791499 0.8137507439 1.513784766 1.730324984 -2.649165869 -1.953383923 -3.253114939 0.9287772179 0.9630001783 -2.049332142 -2.177458525 -2.544303179 -0.282681793 -0.2701181769 -1.614872098 1.451697588 1.828983188 0.9111676812 1.802382469 -0.1562885046 1.606292844 -1.421860337 0.7181639075 1.120511889 -1.793661237 -0.3682568371 -0.9764044285 0.9912605882 1.574270129 0.6449989676 -1.070670605 -0.5800805092 1.285255671 1.135565519 1.484689474 1.360041022 1.201653719 1.12158215 0.6937536001 -0.1720446646 -1.297237754 -2.160227776 -0.8758504391 0.6830308437 1.636829376 0.9625231028 -0.6386327744 2.119548321 -2.046533346 -0.8137251735 0.5253020525
-0.1353205442 0.4084038436 -0.3969144225 2.920719624 -0.2868899405 -0.2260564119 -1.04505372 0.9902537465 -1.129354119 -0.7608847022 0.9415680766 -1.560896277 -0.6020975709 -0.8518716097 -0.7592729926 -0.5964642167 0.5051307678 -0.1871110052 1.578764081 1.278211474 -0.3096765876 -2.560084343 -0.7335948348 -3.327450991 -1.374855042 -2.815428734 -0.7279365063 0.4821827114 1.017739534 0.8818063736 -0.5294348001 4.733631134 0.8104222417 -2.639672756 1.200090051 1.625380397 2.226277113 1.986346006 1.823424578 2.696130514 2.437526703 1.470590711 2.246082067 0.9902409315 -1.000615597 -1.328459024 1.503622055 1.332033753 -0.05506300181 2.546866894 -1.834692001 -3.910308361 -4.99145031 -1.677359104 -0.6555509567 -0.3207957447 -2.341388464 -1.266987681 -1.216536403 2.132796049 2.222084522 1.486494303 -2.422492981 -1.999850392 -2.528637648 0.4773754179 0.7992049456 1.192035079 1.586451411 0.2001207322 4.785899639 1.270406604 1.032516122 2.090059519 1.637346506 0.2659811676 -2.369290829 -2.261747599 0.3089627922 -1.294822097 0.8672294021 1.179289818 -0.3211789429 1.689810276 -0.220476076 1.590610981 0.9932243824 0.7352018952 0.6463379264 1.395036817 1.298934221 1.118379235 1.309592724 1.258332014 1.157812953 1.097381115 0.5687773824 -0.3803845048 -1.524118662 1.214417577 1.18904376 3.111601114 1.17830205 -0.005225947127 0.04175474122 -1.37783134 -1.134751439 -1.344957232 0.1894438863
-1.608653188 -1.588921428 -0.3079693019 -1.899265409 -0.6617709994 -1.4770329 -0.4503735304 -0.6584230661 0.07780428231 0.2261935323 0.1748455912 0.6284808517 1.029472709 1.131272912 1.235520959 2.414942265 0.1494676471 0.1097259969 1.348786235 1.703563452 1.379518867 0.9702093005 -1.264438629 -1.206511021 -0.8559172153 -0.5348364115 -0.8341566324 2.960870743 -0.7629611492 0.8375354409 -0.4048109651 2.382393837 1.102664113 -0.6106535792 0.1705436558 -0.9223489761 2.227242708 -1.704581022 2.868651152 0.3213674724 -2.32557559 1.090441704 -1.190976262 -0.3699508607 -1.792081118 -1.670701027 -1.115973353 -0.652092576 -0.05051900074 1.295919538 0.09540265799 0.4036939442 -0.7843430638 -0.5940283537 0.6053233147 1.812290192 -0.6417874098 -1.593778253 -1.538233757 -1.563692451 -1.183296561 -1.044533253 -1.893425584 -2.803290844 -3.148241043 1.050483346 0.3309165835 -1.67361939 -2.841726303 -0.2083003074 1.799096584 -2.170670748 -3.204914808 -2.287794352 -2.437747717 2.94264555 2.03976655 1.093461871 1.340489388 -2.38248539 1.154130697 -0.6842954159 2.533330917 1.50334537 -1.107462049 0.7994060516 1.103790164 2.048773766 0.4332946837 1.357260466 1.189623713 1.191097498 1.29271853 1.272939086 1.157886624 1.157815218 0.6341093183 0.3326122165 0.4960429072 2.622199297 1.448350072 2.647770643 -1.209713936 0.9292452335 0.8833407164 -1.322231889 0.3835843503 -1.00464797 0.4215258062
-0.6507480145 0.3013962507 0.8293154836 0.4565163553 0.5574991703 -0.006622138433 1.771111727 0.4645286798 1.560786366 2.346047163 0.7113450766 -0.04810988158 -0.3380886018 -0.1092322022 0.08568553627 0.6770083904 0.08633364737 0.05589200184 2.524978638 -0.2128121704 0.6164389253 5.374735832 -1.156699896 0.9928814769 2.359710932 2.129318953 -0.5852622986 1.287416935 -1.217969298 0.9727249742 -0.2924516499 0.6302546263 0.7154989839 2.0584445 1.270773888 1.685372472 1.474247336 1.307548523 2.271832466 0.7581272125 1.141344547 1.277364016 -0.8017961383 -1.136271 -0.6182122231 0.899446249 -1.288032651 -0.7092583179 -0.01507600024 -1.278335333 1.095211148 1.173747778 2.321592808 0.7361968756 0.7152650356 1.027849555 0.6391848922 0.3016960323 0.1607700288 -1.753317118 -2.011296511 -1.62510252 0.4213051796 -0.7537332773 1.147198319 -0.2368254662 0.4749436975 -1.462951064 -2.450070381 -0.6305350065 0.3252129853 -2.23206234 -1.918611407 -2.584324837 -2.866781473 1.573031306 -1.186710715 2.311560631 0.1151440367 0.1442331523 -0.02700851113 -1.353565574 1.868798256 1.108621716 0.0778433606 -0.5247318745 1.041868806 0.9547843337 1.307588816 0.9351913333 1.330146313 1.222401977 1.358084202 1.248597383 1.077003241 1.18267107 0.8627362847 1.18733561 0.8210309744 0.01100019552 -0.1487177312 2.412905693 -2.410618305 -0.01609548926 0.7263746858 0.9908953309 0.6432099938 0.2296794057 0.2181378454
-0.2818486392 0.652957201 0.8457512259 2.484356165 1.183640957 0.9505938292 1.741420865 1.146308899 0.4744984508 1.56432569 -0.2935029566 -0.2736897469 -0.3431299627 -1.107146025 -1.085613847 -1.647926211 -0.1496494859 0.05653199926 -1.434199691 -2.081655502 0.7890954018 4.595769882 2.156733513 1.372939587 2.661589384 0.2814046144 0.6134272218 2.62172246 0.7167201638 1.141793251 0.07880651206 4.977291107 0.7470251918 1.727776647 1.433562398 3.379258156 1.594531178 1.655584335 1.159027696 2.002023935 2.588065386 1.487731457 1.190611362 0.9666194916 0.5851258636 1.111417174 -1.972910523 -1.861044407 -0.1107840016 -2.228357792 -2.040317535 -4.226005554 -4.837683201 -1.919457078 -0.3103210628 0.4442157447 -1.902483344 -1.46092689 -0.8008056283 1.568559885 1.149234891 1.315115213 -3.351630926 -2.016764164 -2.389216185 -0.6582601666 -0.5186533332 -1.174461007 -1.112968683 0.3221543431 -0.316881448 -2.383676052 -1.569453835 1.002690434 -0.8110204339 0.3007952869 -0.5601534247 -0.1499286592 0.2187219709 -1.587435842 -0.2695493996 0.4847207367 0.4071396887 1.62513566 -1.110527277 -2.194452286 -1.002411485 0.2736725509 1.225096226 1.521820307 1.453943491 1.298040271 1.249755025 1.200667024 1.012063384 1.271563292 0.8173167109 -0.0709753409 1.130794048 2.151843071 0.2037969977 2.354465246 1.221574306 1.319592237 0.2962845266 0.7566786408 1.436621904 -1.329049587 -0.1366725564
-0.3635798693 0.0311599914 -0.2802849114 0.3339366615 -0.3668593466 0.5359602571 -0.5691005588 -0.930493772 0.7075725794 -1.321120262 0.711400032 -1.516264558 -0.6140791178 -0.7372382879 -0.7124394178 -0.9810531139 0.534648478 0.100455001 0.9709937572 1.224592447 -1.310994983 1.911275387 0.5116155744 -2.409606695 -0.9875687957 -2.372441769 0.3157947958 1.409270763 1.243206382 1.134593606 0.02747519128 3.592168331 -0.4685513973 -1.963155985 -1.24500668 -1.378470659 -1.299382448 -1.066876173 -0.8366682529 -1.827259421 -2.183274269 -0.3098287284 -0.7635062337 -0.6864051819 -1.212247849 0.9479598403 -1.208325863 -2.388745785 -0.08389499784 -1.131030679 2.870598555 3.812010288 3.672510862 1.787988305 0.7394329309 1.348693013 1.660202503 0.842544198 1.089210033 1.489527941 1.459555745 1.24706459 1.731761932 3.058412075 3.09189105 -0.188726142 1.017763853 -0.6648014188 -1.097186446 -1.469190121 -2.579410791 -1.01994276 -1.041422963 -1.036110163 -1.251634002 0.1293159425 -1.559685946 -1.842598319 -1.236807346 1.740466237 0.8789100647 1.317592978 -0.8999410868 -1.085605383 1.298317194 -1.060184598 -0.643314898 -1.203442097 -0.1514458954 -0.8091481924 1.918185353 1.762199163 1.75858891 1.719834685 1.638751626 1.721478939 1.021286845 0.9846358895 -0.9418137074 -1.856610894 -1.04732132 -1.982268333 -1.132398367 -0.8671262264 -0.06665345281 2.767801046 -1.486105084 1.178027153 -0.06108448654
-0.1160164177 0.5257583261 0.8019687533 -0.3992536068 0.450107038 0.166381821 0.9807679653 0.1877109259 1.35138166 0.7798645496 0.6363070607 0.2496484816 0.2227452695 1.360083818 1.088599801 0.8292985559 0.6678094864 -0.113003999 2.156425238 1.698268652 2.776951075 0.9332110286 -0.7142522335 2.395064831 1.361489296 2.284284353 0.7906684279 -2.081885815 -0.6037664413 -2.010334253 -0.3187629879 1.305732965 -0.8704150915 2.285886765 -1.890645742 -2.931766272 -2.169300079 -1.466833591 -2.06141305 -2.944957733 -2.029165983 -1.359076738 -1.125352859 -0.4414841235 -0.1428458691 -0.635635972 1.079801083 1.755865932 -0.06320499629 1.510802984 0.8305773139 1.027017713 -1.546705842 2.169997454 0.7377288342 -1.742552519 1.645261049 1.111205339 1.18219316 -1.636581182 -2.342741966 -2.359988451 -0.08891137689 -0.2726761103 0.5220989585 0.3869535029 0.9030373096 -2.571589231 -3.389797211 -3.674331903 -3.39982152 -0.4229588807 -2.829611063 -1.482212305 1.383016825 1.682527065 0.8482480049 1.722254276 -0.5686302185 0.290933758 0.9542417526 -1.059087396 -1.068506837 -1.55504787 0.7058029175 1.070267797 2.322715044 2.133598804 -1.591232181 -1.516867518 1.269951463 1.277225256 1.319313884 1.313709497 1.032279372 1.316609979 0.6494145989 1.05655849 -1.797395706 -3.19684577 0.6034218073 -0.7542721033 -0.9616090059 -1.227169752 0.03276043013 -0.1700002849 -2.24620676 0.9802799225 0.2251506299
1.744262815 1.083184481 0.6695433855 2.902153969 1.387935162 1.462527871 -0.5335658193 1.158438325 0.2668501139 -0.4099637866 -0.3805849552 0.6856334209 -0.4144229591 0.1971853375 -0.006063146982 -1.49758029 -0.8607685566 0.006374000106 -2.025527477 -2.1988132 0.2496090531 3.570895672 0.6012746096 -0.9742511511 0.8725460768 0.993411839 1.012084961 -2.892736435 0.9270364046 -0.499263376 -0.238735795 -1.775054812 0.6875604391 0.5220075846 -0.3934583068 -0.6424916983 -2.688628197 -0.08140913397 -2.069348574 -2.585810184 1.212196112 -1.273130298 0.2889831066 -0.4386129975 2.498064995 -0.5419362783 1.831437707 2.659379005 0.05414099991 1.520287752 0.0539012216 1.364438534 0.930287838 0.3832236826 0.01461984776 -1.659095764 1.176027417 1.379550576 1.5832901 1.368113399 1.13802731 0.9480186701 2.506711721 2.162857533 2.918017864 -1.470316648 -1.048209071 0.4935824871 -0.5239003897 -2.192564249 1.697325706 2.293937206 -0.470400393 -1.512401462 1.241409183 -1.28395915 -0.8625010252 -0.4218320251 -1.361576319 2.155104876 -1.26429224 0.9338923097 -1.379561305 0.9243771434 1.046152472 1.341217637 1.082337976 0.4511523843 0.9994978905 1.031796098 1.567328453 1.572504997 1.131913424 1.150417686 0.9222306609 1.679413557 0.6549607515 0.9311444163 -1.408431888 1.368802428 0.5240504146 2.593799591 -0.8328931928 0.311437875 -1.25673449 -1.35988915 -0.7782181501 1.36676681 -0.0307319127
0.4881911874 1.10029614 0.6979300976 1.321559072 1.366107225 1.212325335 0.6724823713 0.8029461503 0.9984130859 -0.2854195237 0.4646845162 -0.8154371977 -0.456898421 0.0715944767 -0.9421682954 -0.4901844561 0.269895941 -0.1672189981 1.243962884 0.1764561087 -0.4032271206 -0.315042913 1.685122728 -0.7777326703 1.565641522 0.3587648273 0.8659819365 2.34530139 0.9684681296 1.188109875 0.4658290446 -1.603113651 1.140206575 0.8499670029 -1.223890662 -1.774330854 -2.025410414 -2.888271809 -1.655120492 -2.147270441 -2.248690605 -0.7776864171 -1.920355797 0.03003428504 0.004027917515 -0.7784628868 0.5889678597 0.5413726568 -0.04931699857 0.948649168 0.6341257095 0.5268698931 0.9012618661 0.1046103463 0.745914638 1.572468162 -0.2594817877 -0.6242506504 -0.6144099236 1.344798923 1.303287745 1.228818655 1.764124036 1.938240886 2.366541386 0.3168553114 0.5705831051 0.8976120949 1.079472303 1.343927264 -0.2705306709 -0.8225429654 1.438578844 0.05147918314 0.2901107371 0.8369928002 -1.499127746 -1.302445531 -1.20670414 -1.556148171 1.043114781 1.025738239 1.904513597 0.4904853702 1.057967901 0.6459283233 0.5461818576 1.002373934 -0.9812788367 0.8002182245 -0.6668966413 -0.643735528 -0.572109282 -0.5193759203 -0.2849805951 -0.5062702298 0.3297246695 -1.266412497 0.794218421 0.2097587585 1.054559469 1.207788944 -0.07842408866 0.1048751995 0.8391866088 -1.731785297 0.2841408849 -0.6311860085 0.01807247289
-0.416421324 -0.9496520162 -0.3180362582 -2.134636164 -0.7979041934 -1.20634675 -0.5704775453 -0.295666635 -0.4605930746 0.350148797 -0.5036124587 1.061138988 0.7323821783 0.8841480017 1.000798225 1.291103601 -0.6061736941 -0.005169999786 -0.9270120263 -0.4443672001 0.8734363914 0.257122308 -1.701731086 0.3188098371 -1.200230837 0.04515289515 -0.7393995523 -0.6934794188 -0.742869854 -0.8765339851 -0.6227440238 2.11074996 -0.5624573827 -0.4457165599 0.862416029 1.053988457 1.952652931 1.216795683 2.070906639 1.348145008 1.33307457 0.8407966495 1.284721255 -0.07229665667 0.7471391559 -0.5111862421 1.061751842 2.647948503 -0.06973800063 1.277162552 -1.548481822 -2.630246639 -2.223725319 -0.5744843483 -0.3534216285 -0.5699548125 -0.7871088386 -0.1620660126 -0.7245129943 -1.662866235 -1.194313049 -0.9814856648 -2.062308311 -2.349833727 -2.453882456 0.06210055202 -0.6364752054 -0.05163133517 1.036097765 1.60645175 2.941953897 1.667232633 0.7645557523 -0.8663489819 0.2269137651 -0.134701252 1.737086177 1.618119717 1.711702704 -0.4273759127 -0.6491959691 -0.9026086926 1.621853113 0.007062500808 -0.8461634517 0.6605280638 1.242286086 0.9045225978 -0.60319525 -0.2267570794 1.613993406 1.509463787 1.557187915 1.600810766 1.4365834 1.549851775 0.7362591028 -0.06664960086 0.777741909 0.7694372535 1.229061723 2.011805534 0.1251615435 0.8212390542 -0.1156859547 -1.474743962 1.790887713 -0.7799859643 -0.0480614379
0.1885729283 0.4036816359 0.5989119411 0.8399759531 0.8583400249 0.7731114626 0.4242605269 1.230349541 0.1566483825 -0.009830375202 0.574809134 -0.1932571083 0.478036046 0.5862084031 0.7382965684 0.8209545016 0.2239443362 -0.1722439975 -1.412763357 -0.0816103965 -0.4053946733 0.6133373976 1.160566449 0.7499955297 1.238114357 0.6107931137 0.7770981193 0.3707103729 0.8557655215 0.2555612922 0.2817254663 2.522004128 0.6189518571 0.4403538406 -1.035597801 -1.889810801 -0.7907874584 -1.462682962 -0.1938692778 -0.3799539804 -1.342655182 0.06100476906 -1.141221881 0.9936282039 0.2858277261 0.3477813005 0.05792691559 -1.391007423 -0.02283399925 -0.8676643968 -0.5446732044 -0.0186384432 -0.346349895 -0.01995680295 0.4924148619 0.5515881181 0.06698711962 -0.3172689676 -0.102539584 0.4816428721 0.945340991 0.8412237763 -1.682482719 -1.336551189 -1.861338139 0.4651803076 -0.2743614316 1.389290214 1.673468113 1.135477185 2.191856623 0.1262716949 1.274352908 1.470624804 1.044291973 -0.3796138465 0.5658519268 0.09180458635 0.5786677599 -0.5806979537 0.804133296 0.9028177261 -1.296507597 0.9519436359 0.5017106533 -0.7167343497 -0.8973135352 -0.5992508531 0.6840433478 0.894056201 1.192388296 1.031685233 1.301028728 1.232723594 1.107204199 1.083564043 0.6694219708 -0.8261342645 -0.3345921338 0.08339092135 -1.331267238 -0.3848990798 1.252303481 0.416926533 0.7372344136 1.243102789 -0.9185289741 -0.3618576527 -0.1696980447
