ACTIVATION=sigmoid
-0.8170275688 0.2106957734 0.1553030312 -0.524818778 -0.2172950357 -0.1590229869 -0.7168228626 -0.4968040884 -0.1713237911 -0.6999453306 -0.3445096612 0.05822566897 0.34661901 -0.7812623382 0.3127635717 -0.9281938672 0.2356739342 0.5908355117 0.3494180143 -0.9161760807 0.550614357 0.5265244842 0.3011444509 0.2218348831 0.3388079405 -0.720606029 0.5659499168 -0.5441048145 -0.5910286307 -0.6576611996 -0.9022120237 -0.8619695902 -0.3217099309 -0.5280845761 -0.6006125212 -0.7427337766 -0.7524242401 -0.2015938014 -0.9750699997 0.6208903193 0.3626566529 -0.1890058517 -0.02866333537 -0.3105334342 -0.9922093749 0.4823883772 0.4667078257 0.4238027632 0.0462346077
0.5176904202 -0.4676379263 -1.36985755 -1.264822841 -0.4144952297 -0.4542543888 0.6807863712 -0.6824843287 -1.203232884 -1.252433777 -0.4062728584 0.4268799424 -1.633040786 -1.011149526 -0.6182362437 0.5941493511 0.9581859112 -1.086731195 -0.7891625166 0.8106507659 -1.247110844 -0.9440512061 -0.8633702397 1.043848395 -1.456628919 -0.34970209 1.063794255 -1.333504319 -1.130678892 -0.3881958425 0.6230230331 -1.347669363 0.8941455483 0.02687294595 -1.389846325 -1.504243016 1.28320837 -1.586933017 1.209482431 1.243648887 1.452904105 -1.508181453 0.7726362348 -0.7454856634 0.9121562839 1.033945918 0.4811969399 -0.7052001953 -0.1219962239
0.5762210488 0.742639482 0.1148602664 -1.193106651 -1.50944376 -0.3301785588 -0.05888288841 0.3256725669 -0.1135114729 -1.309938908 -0.4542193711 1.297747731 -0.6521607637 0.6719540358 1.029132605 -0.906642437 -1.339240074 1.545188427 -1.307718277 0.6388528943 0.9119659662 0.5845056176 0.7205985188 -1.467949748 -1.421179771 0.07640945166 -0.9060797691 -0.6644874811 -0.4299739003 -0.4756452739 -0.7523555756 0.9343937635 1.096619368 -1.069468379 -0.4666303396 -1.065864563 1.052316427 0.04460557923 -1.255408406 -0.9615359902 -0.3780808151 0.3781409264 -0.1183627918 0.0631557405 -0.8304547071 -0.8588554263 0.3630609512 -1.138724208 0.09206854552
0.09142610431 -1.146434188 0.5254096985 0.947484076 -1.558677316 0.348030895 0.772859633 -0.1746884733 -0.6532145143 -1.087021947 -0.6238186359 -0.7859023213 0.9440940022 -0.1569888443 0.8387495875 -0.6994259953 -1.354478955 -0.8135060668 -0.5383580327 0.5450560451 -0.8506103754 -1.104544997 -1.181217074 0.9503808618 0.9006415606 -0.01957847178 0.9126668572 -0.8585870862 -0.9788011312 -1.067967296 0.04929225147 0.4226226807 -0.5837550759 -0.743327558 0.2158104777 0.6386411786 -1.015764236 0.7615721822 -0.1144410223 -0.735135138 -1.054464936 -1.072144628 0.3743549883 -0.4035542905 0.8056146502 -1.219546318 0.07187773287 -0.07060587406 -0.4420024157
0.1857133061 -1.318581939 -0.5354571939 1.018686414 -0.0371077545 0.03820230067 1.4797858 -0.07126254588 2.059393883 -1.155846953 1.101611376 -0.6117900014 -1.194099069 0.1491014361 0.7879198194 -0.2239061594 1.688259959 1.234198809 -1.384937644 -1.817522049 -1.090121508 -0.8983662724 -0.3233867586 -1.177694201 1.658904433 -0.3915772736 -1.178125739 1.92784369 -1.237633467 0.07066058367 0.4398362339 -0.8396077752 -0.6461542249 -0.7849087119 -0.8541812897 -1.25694406 -0.8685303926 -1.646082401 2.027815342 -0.5936972499 -1.376113653 0.3429040611 -0.5358828902 -0.8741604686 -1.149590373 -1.736655116 1.093629479 0.5896080732 -0.3882572055
-0.7734740973 -0.5190463066 0.2193557173 -0.02925660834 -0.3101555109 -0.4736328423 -0.1698008925 -0.6743699908 -0.7111289501 -0.8781628609 0.6206905246 -0.506819129 -0.1244606376 -0.5792425275 -0.7681010365 -0.4961145222 -0.5942344666 0.3691013753 0.5301539302 0.212416783 -0.4002095163 -0.5570527315 0.5652647018 -0.6984326243 0.4240294993 0.2381508052 -0.211161837 0.2561082542 0.5569087267 0.2178027779 -0.1566414088 -0.4484152198 -0.1801393628 0.325448662 0.4372950196 0.5184210539 0.07388468087 -0.83490628 -0.9122136831 0.6577903032 -0.5328521729 0.4054860473 0.4023114443 -0.4738144875 -0.1314100772 -0.5434001088 -0.8412240744 -0.7855316997 0.03633684665
-0.2558213472 -0.3361469507 -0.07977515459 0.4075758159 0.4001224935 -0.8060404062 -1.105176926 0.5718493462 -0.3316981494 -0.5476577282 0.4751159549 0.338637501 -1.182579279 -0.7777044773 -0.7715947628 0.2513136864 0.1587597728 -0.9199007154 0.4928429127 0.2621876597 0.5867759585 -0.1408146173 -1.017882466 0.5243341923 0.7561858296 0.3349252343 -0.2206044346 -0.08443529904 0.7042981982 -0.1118387058 0.08059701324 0.1321084946 -0.8878811002 0.3960316181 -0.3132063448 -0.16982539 -0.5686889291 0.4159002602 -0.06607409567 -0.4879099429 -0.7026619315 -0.8730893731 -1.064949989 -0.8297758698 -0.7650442123 -0.3324819207 -0.1458812952 0.4502794147 -0.2163956612
0.1476072222 -0.8054307699 0.06318509579 -0.9709149003 0.3725907803 -0.8947334886 0.401080966 -0.9801697731 0.3605638444 0.2551853657 -0.7475713491 0.1977896243 0.5057427287 -0.7675494552 -0.5233015418 0.1091252938 0.4096795619 -0.2366116643 -0.9663656354 -0.009215435944 0.4008242488 -0.3805008531 0.2607553899 -0.9701502919 -0.9970117211 0.3249751031 -0.553336978 -0.8483647704 0.4688433111 -0.3349758387 -0.490090996 0.2200856209 0.3979964852 -0.8861676455 0.626621902 -0.9639060497 -1.039277911 0.1727678925 0.7450962067 -0.6926357746 0.5033664703 -1.018597484 0.1114972308 -0.2390974611 -0.8301945925 0.6530606151 -0.6126421094 -1.079140186 0.02413090505
-0.5865635276 0.4448218644 -0.08319784701 -0.6095865369 0.1974062771 -0.644577086 0.4414255917 -0.1984185874 0.5719876289 0.2368386984 0.4974795282 -0.9138268828 -0.9110119343 -0.1918200105 0.06440713257 -0.7592500448 -0.8404303789 -0.8357807398 0.565875411 0.3087520599 -0.6805782914 -0.6855986118 -0.8384955525 0.605170846 -0.962336719 -0.9259389639 -0.8819021583 -0.27062428 0.0741456598 -0.2513524294 -0.05873119831 0.4904138148 -0.1551993191 -0.008156835102 -0.8395619392 0.4220935106 0.480858624 0.05784190446 0.643650353 -0.7236497402 -0.6776342392 0.7264974117 0.01634260081 0.06704610586 -0.7329925895 -0.4462080598 -0.261492908 0.3928644061 -0.007472705562
0.2477145791 0.2363853306 -0.8506439328 -0.7284111381 -0.6742848158 0.1686469316 0.3975872993 -0.6543354988 -0.469099015 0.09402322024 -0.4104261696 -0.3184632659 0.1804374903 -0.02856487967 0.2201623917 -0.5494092107 0.3800495267 -0.5793114901 0.4878548384 -0.9010649323 0.3355082572 0.3329734504 0.396805793 -0.7043173313 -0.5482115746 -0.6576240063 0.03325664625 0.4443977177 -0.4236215651 -0.1986259818 0.001773844589 0.2708617151 -0.3968649209 0.3013489246 -0.6697861552 0.3521666825 0.2698255777 0.1155066714 0.2071827054 0.3897703588 0.1946114153 -0.8308479786 -0.9090048075 -0.6362318397 0.2652260065 -0.6977346539 -0.591189146 -0.6519592404 -0.2249790281
-0.2434465289 -0.8552985787 0.2212830186 0.861969471 0.2119508684 0.4248534143 -1.20788157 -0.7362336516 -1.107971191 -0.1532426029 -1.523061872 -0.9660679698 -1.11673069 0.2872769535 -0.8769819736 0.4834056497 -0.4098888338 -0.9909758568 -0.4860377908 -1.213948369 -0.8252794743 1.144388318 -0.4766832888 0.2124653608 -0.8529444933 0.1816447079 1.09411788 0.533269763 -0.3866640031 -0.5574843287 0.06313450634 -1.200978279 -0.4493510425 -0.9239507318 0.5268566608 -0.8689826727 0.7739529014 1.065899849 -1.47350502 -0.4787814915 -0.9695982933 0.5885720849 0.2195765525 0.2928701937 -1.086018085 0.9001331329 -0.5320209861 -1.48953867 0.08755719662
-0.633335948 -0.5701838136 -0.9357801676 -0.6961073279 0.5044600964 0.2537898123 0.5375884175 0.6494730711 0.2240467966 0.2043647021 0.2797721624 -0.4909215271 0.110763371 -0.3149662912 -0.2759337723 0.06139103696 -0.6502777338 0.07501523197 -0.6078506112 0.50484097 -0.4107660055 0.427636534 -0.4275017977 -0.8418788314 -0.307221204 -0.643754065 0.3587060869 -0.7535796762 -0.5930008888 -0.006445191335 -0.8135842085 -0.361928314 -0.4593969584 0.05669091269 0.2758042812 0.5819827318 -0.580968678 -0.3135358989 -0.6873469949 0.235867247 -0.09087432921 -0.8574886322 -0.7830126286 -0.02020672895 0.2521311939 0.2264143527 -0.7948384881 0.3326383233 -0.1046274453
0.4695288241 0.4546200931 -0.699821949 0.4159958661 0.2233744562 -0.2039491236 -0.7826411724 0.3746975064 0.5750125051 0.1283419728 -0.9303793311 0.2532483041 0.2884412408 -0.1489905268 -1.018354416 0.1255122721 -0.7983159423 -0.3730301559 -0.5374730825 -1.071415067 0.3927835822 -0.7187488079 -0.3163587451 -0.2015593499 -0.346322149 -0.6351659894 -0.6743007302 0.3469469547 -0.8650988936 0.01085268799 -0.7496653795 -0.8514087796 -0.1844550967 0.216160059 0.4680956602 -1.016844749 0.5191224813 -1.031366348 -0.7047511935 -0.5836484432 0.4279524982 0.55042243 0.2664445639 -0.9826384187 0.6283439398 -0.9248951674 0.08017854393 0.4805435836 -0.03406216577
0.07679522783 0.2398106307 -0.9343298674 0.3617381752 -0.8853424788 -0.7708595991 -0.8195083737 0.6330419779 -0.6315577626 0.1787018329 -0.7430281639 -0.207850039 0.1198140904 -0.07524853945 0.01377333887 -0.5710579157 -0.4353755414 -0.4352706373 -0.09662508965 0.2020670772 -0.7312935591 -0.671844542 0.3760658503 -0.6401640177 0.5270088315 -0.3225636482 -0.4942666888 0.2809782922 0.6187146902 -0.1018602997 0.02548903041 -0.6644331813 0.1245062575 -0.2166760117 -0.4172036648 -0.8155056834 -0.8479635119 0.03088483773 0.7143681645 0.2996911407 -0.4589080513 0.1789910942 -0.0450736098 0.03900153935 0.3792895973 0.03332069889 0.3354274929 -0.6210889816 -0.242974937
-0.2836057842 -0.5622590184 0.2495239079 -0.5233786702 -1.500517011 -0.1833987683 -0.8171461225 -0.6629810333 -0.8889372349 0.3145668209 0.5626657605 -0.5274013877 -0.2666674852 -0.210074231 -0.5938635468 0.2384887934 0.1373692155 0.4792479277 -0.655788362 -0.2776810527 -0.6155905724 0.255792439 0.2635559142 0.5320581794 -0.5738566518 0.1484261155 -0.9296998978 -0.4429242015 -0.784265101 -0.8021685481 0.5467204452 0.3993930817 -0.6841712594 0.5733086467 0.5041927695 0.05037486181 -0.8788530827 -0.8952393532 -0.7106147408 -0.8592870831 0.4973916113 0.4564338923 -1.142152309 0.3755802512 0.3953223825 0.1670009792 0.2556711435 -0.2282865345 -0.05484108254
-1.024095297 0.5773569345 -0.1782749444 0.1869820356 -0.192588985 -0.1346514076 -0.654822588 -0.249665916 -0.6132902503 0.5547832847 -0.4886016548 0.7591010332 0.3431835771 -0.1346084476 -0.01031017676 -0.1376024932 0.2972414494 -0.1854696274 -0.2429306209 -0.9802234173 -0.7877141833 -0.5498957038 -0.5873200893 0.562866807 0.2956573963 -0.0996715799 -0.8435233831 -0.6174571514 0.9570853114 -0.03728359193 -0.9713029265 0.3641856015 -0.2742989063 -0.7370564342 -0.8740401268 0.6973391175 0.4567984343 -0.957973659 -0.5409574509 -0.7925289869 0.1691195965 -1.009845495 0.007711650804 0.1806557924 0.2874725163 -0.8097806573 0.3575808406 -1.04771626 -0.4134388864
