ACTIVATION=sigmoid
-2.172161798 -2.108149798 -2.376107246 -0.4011273436 -1.431822939 -1.503994426 -1.751339396 -0.3647969574 -1.673159269 -1.517609533 -1.408125003 -1.094687003 0.5654019452 0.6261509452 -2.141850062 -2.070201206 -0.9796076126 -0.3667006752 -0.6985276753 0.23704 -2.223038955 -2.189659057 -2.22170274 -2.814877138 0.6518573951 -1.33697083 -1.967484864 0.07789554916 0.164945 -0.6604908653 1.074458912 1.302445912 1.239512669 -0.7762444308 1.710448338 -0.8349272928 -2.545070138 -3.094631281 0.150951 -2.240015905 1.350220857 -1.560602285 0.128511389 0.03727911199 -1.920503952 -1.674475599 1.434259602 1.21983906 -0.05596219938 1.756530912 -2.746507303 -0.04258919346 -1.309162904 -1.73548288 -0.3629025149
0.5901457776 0.5813357776 -0.1420589321 -0.05449676519 -4.681044297 -2.238648242 -2.502102603 -2.445437263 -1.120682949 -0.4404001792 -0.8620119233 -1.186778923 -0.2775610852 -0.4440380852 2.893829733 2.785905648 1.06425904 1.313913186 1.316783186 0.002899 -0.472600964 2.808867488 0.0939198877 -1.289133989 -1.734338764 0.1142139318 2.096352214 -3.879318074 -0.046851 0.304905347 -2.158536995 -2.283106995 -4.09804432 -0.8925683444 -3.00563274 -2.866618201 0.2417877107 -0.7838903798 0.016267 -1.785568349 1.742909454 1.097756093 0.9423220142 -1.576260854 -2.839893197 -1.118323286 3.241156248 2.599761152 -1.392282642 -2.907116511 3.186908742 3.71061839 3.304358312 3.141259201 -0.2229050104
-0.9228889367 -0.5985869367 0.04532011202 1.5592496 -0.01262942628 1.893669416 1.439273286 1.6776752 -2.214174358 1.964614166 1.389773619 1.310431619 -1.138921193 -0.7448051925 1.644570118 1.664700168 1.988916423 1.452798629 1.405736629 0.088447 -0.3876818536 3.904936088 3.199924002 2.973378597 1.112836315 -0.7244901441 -0.65940487 -3.046657973 0.038603 3.802908082 2.972590186 2.744834186 1.248296868 2.979114334 1.001673491 -3.804831188 -3.865677262 -2.318310618 -0.178122 -3.786852405 2.034865354 3.278019014 3.156429446 0.4583605354 -2.87730763 -1.685344416 1.17668764 1.57467732 -2.749729014 -2.242227133 -1.811794393 -3.24004898 -0.8032728922 -2.037772803 -0.1801302794
1.559159541 1.642440541 2.511495534 2.130386368 4.809756572 0.3992881292 3.67403804 1.665322822 3.7627461 -0.03400974615 -1.024081337 -0.7094863365 0.6914692249 0.5742572249 -1.808397502 -2.008920756 0.222071696 0.3617204063 0.5214664063 0.214116 1.438479121 -1.60641905 2.520530224 1.825527379 2.659730044 2.396684292 0.09792752821 3.958106681 -0.146353 2.450266491 -2.50339336 -2.58539136 -4.82868102 0.5640105425 -3.994064065 0.859398754 3.00830553 -0.3282881908 0.165237 -2.552881724 3.875055396 1.675701859 2.71293051 0.3526336864 3.349707507 4.172690208 -0.8349137831 -0.2221442395 2.736983099 1.972728837 3.041056353 1.019062323 3.530877272 2.328635089 -2.157009468
1.011127332 0.7371033317 2.144317866 1.944534976 3.604626548 1.412948755 1.708810711 1.844147255 2.511408966 -1.984143222 -1.26409844 -1.48888244 -2.463673792 -2.743157792 -1.348965954 -1.263003938 -3.541147936 -0.6203493367 -0.5131333371 -0.182501 2.305895331 1.977141426 2.554001081 0.9578906375 1.721069619 0.7474320583 0.293204059 2.845162306 0.062704 2.609250004 0.9437097702 0.8734187702 0.6920181035 -2.828405705 0.01121671474 1.843334306 2.179802796 0.636701361 -0.133425 -1.644743023 -3.12622922 -2.958360964 -2.646890495 -0.5482976014 2.458407168 -0.7963120057 -2.027231899 0.2109768325 2.899895886 -1.004546691 1.052767881 2.600161691 2.424515592 1.736171236 -0.6976243622
-0.9096422419 -1.100550241 -1.769310684 -1.339635751 -1.012442342 -0.435074787 -1.667851514 -0.3589280077 0.07100635093 1.024295039 0.8472363259 0.9006703259 -1.020761421 -0.9248364212 0.7904559274 0.5321617324 -1.644545248 0.1263384836 0.1861584836 -0.258019 0.09813260431 -1.37935786 -2.472000568 -2.895419861 0.3648596446 1.767503153 0.5104539445 1.341039772 -0.001553 -3.236678482 0.2336754662 0.4521174662 0.6742665134 -0.531978808 0.3922795351 0.2706092195 0.8671562148 2.160736189 -0.202668 0.4783164998 -2.624486976 -2.597516689 -2.103567709 2.179477205 2.32004757 2.338092173 1.737126229 1.064040077 -1.480974201 -1.494852796 -2.333878906 -0.4250595269 -1.7355329 -2.634184372 1.008980184
-0.6174432165 -0.7357202165 -1.518170642 0.7181036382 0.5449268982 -0.4061442401 0.3496973033 1.315111328 -1.456870947 1.358596831 -2.079451378 -1.890274378 2.277370097 2.212398098 -2.563086691 -2.566134253 -2.16160364 -1.324319011 -1.727550011 0.119791 -2.971112261 0.7271471421 2.552998802 -1.207014081 -0.8880186617 1.221826354 -2.426737829 0.6267073324 -0.108672 0.9668463708 -0.8259894773 -0.8208214773 1.211702019 3.340361556 -0.1430071362 -2.456495816 0.07491591096 -2.7514467 0.191965 -2.00348572 -2.03143783 3.659673046 1.537204496 0.4963142899 -1.976290258 -2.67650224 -2.197225893 -2.369734542 3.992509168 -0.2056056179 2.801108035 2.898641995 3.600299065 2.481630379 1.220957262
-1.925731492 -1.804843492 -0.6905004163 2.398818409 2.012394487 2.161972878 1.703641739 2.76286141 2.155301091 -0.8471035166 -0.3342589786 -0.6139609786 0.7815465003 0.7074685003 3.102507767 3.247747149 1.34113759 1.172411473 0.9838114729 -0.239656 1.926996501 2.863290485 3.424474351 2.711268834 2.157721839 2.279385695 2.993530306 3.533476588 -0.137542 3.166385429 -2.092731685 -2.463818684 1.717032952 -1.754805575 1.627753218 -1.559539601 -3.352924482 -0.42132672 -0.167312 -0.9682160823 3.672741202 3.328204455 3.048306099 0.152953399 2.761668897 2.523308172 0.1574031385 0.4527245143 -0.2714051307 1.899555696 -2.428103888 -1.260779859 -1.273550991 -2.396189779 -1.367038724
0.3093706494 0.06942564936 1.242851451 -0.5360673998 0.828097601 -1.544220575 -0.7982696359 -1.982628122 -0.2475503635 -0.2107592912 -0.07870261346 0.2747953865 -0.9298418731 -0.7247948731 2.273398293 2.550038457 3.224813068 0.9246819796 0.4772799796 -0.099232 2.24507228 1.36150485 -2.836948588 -2.086043161 -0.4305150225 -1.833759631 2.201639186 1.606724787 -0.062741 -2.917462824 2.392561419 2.543704419 0.8054644444 2.035392677 0.1588221102 0.843534726 2.285846157 2.704722319 0.138116 2.485848916 -1.343019287 -3.49015984 -2.795067729 2.258545008 1.651736358 -0.1441344644 -0.9269889748 -1.581881234 -2.950426674 -1.927702624 1.837823799 3.548778179 1.647002749 2.111709947 1.375343014
1.334738992 0.9744809918 -0.1657783865 -0.1023997974 -3.953168748 -0.6159088019 -0.845493903 -0.330823134 -0.2398924616 -0.3228615973 -0.9350367904 -0.7723837904 3.325450494 3.380850494 2.590595265 2.419378551 4.680780631 0.4612690216 0.4891680216 -0.129869 -2.149660965 -2.519452364 -2.320221195 0.3357904266 -0.5124579625 -1.749536427 -1.571474859 -3.426227798 0.044629 -2.619474286 0.5432563595 0.9250723595 -3.640110763 -0.874481114 -1.537895266 3.104413349 2.534054375 3.323577589 -0.109983 3.419178575 3.402113962 0.860771863 1.587988582 -2.601411272 -2.606551563 -2.284085744 0.2265146787 2.170296435 1.114604406 0.0642574119 2.706914081 0.707974107 1.561167736 3.180705113 -0.6508189303
-0.370192174 -0.701290174 1.200651278 0.5133847438 -1.254060527 -0.1315059899 0.0177712131 1.357428586 -0.3522005451 2.580926345 0.1011981074 0.4220531074 1.870141712 2.255431712 0.5266332799 0.5757126751 2.347267474 0.5127583892 0.6220893892 -0.216529 2.230050533 -0.1565473624 1.42663903 0.4456492915 0.4263586996 -0.05075497566 2.101466225 1.062904036 -0.15256 -0.903641104 2.131725617 2.519472617 2.168114892 2.740602679 1.402527182 -2.877034932 -2.361984114 -2.070198496 -0.249309 -3.135730881 -1.530679535 -1.623206196 -2.259470131 2.6644453 2.412035375 1.957223898 1.060538892 2.219195943 -1.719268401 -0.08057106464 -1.839589714 1.231436877 1.885790265 0.4583292984 -0.297198564
-0.5475782133 -0.2779582133 -3.253097115 -1.580442664 -5.125751852 -1.926793427 -2.302691867 -0.7477603555 -2.482505352 -0.7387884327 1.410969855 1.423984855 3.205532551 2.858780551 1.526093429 1.497847648 3.716878013 -0.3566755619 -0.01124556186 0.136876 -3.493186289 -1.712221674 -2.776082561 -2.92172907 -1.373875059 -2.162217907 -2.506417868 0.002260639802 -0.156503 -2.724167077 1.689401274 1.467867274 3.486335541 3.14012063 3.241247797 -0.3879621805 -2.458500592 0.03770405111 0.03593 1.248710884 -2.537279033 -3.358708302 -2.880681001 -0.5422036325 -3.684020865 -3.697735209 -4.594504292 -3.722132741 -0.849222862 2.397089065 -3.813920562 -2.365683562 -3.784255822 -2.883962471 2.531844524
-0.6226203615 -0.3594563615 -0.06139477173 -1.562706412 1.281112693 0.6810153479 -1.333498879 -0.5353010447 1.183111812 2.89867354 -2.661994053 -2.850650053 -0.507915352 -0.148851352 -1.50799656 -1.542731129 -2.431786437 0.3135517262 0.3401137262 -0.110458 0.5205127873 -4.248255611 -3.281494032 -3.474648963 0.1397854281 1.546505875 -0.4776456492 0.483514723 -0.225648 -3.852464791 -0.3533026777 -0.5135596777 -1.452019647 2.967405412 -0.3571619523 1.579855795 -0.9353537189 -0.3343847415 -0.193167 0.6331303542 -3.986206509 -3.807055799 -2.547282929 2.626016704 2.822322294 2.883158136 2.805039266 2.380472248 1.197307112 2.796234994 -1.706392184 -1.698404948 -2.865168894 -2.644166141 -0.3993173817
-0.553158955 -1.006817955 0.5393800092 -1.428672589 1.24501842 0.4920166914 -1.339696142 -0.6742489773 2.640764821 2.398275849 0.1446455495 0.4578015495 0.8061295449 0.6975235449 -1.770500661 -1.743460596 -2.086588301 -0.4299962277 -0.4826942277 -0.105299 -0.02095521914 -2.496030253 -1.317184065 -2.678340727 0.4978329653 1.600781933 -1.405622586 4.170569757 0.184765 -3.64887349 -0.7889209356 -1.063041936 1.575585623 3.059163395 1.259428649 3.112025638 2.273445779 1.745798528 -0.203 0.2921646246 3.421146202 2.78938152 2.034885198 3.113715002 3.299599726 2.634908389 -0.2463480557 0.02773541281 1.972801752 1.129250449 3.148179829 0.3784781787 3.387099202 2.931755907 -0.3528713917
-3.722134356 -3.726038356 -3.409145646 -0.120105378 -5.011392003 -2.282754303 -3.102579707 -0.6578925855 -1.781983565 -3.309460428 0.8697624439 0.4965844439 2.487081035 2.261971035 2.263089189 2.30959926 2.878816743 -0.3083024378 -0.1485714378 0.261162 -1.230509127 0.5622252481 -2.812039943 -1.426647187 -2.178091921 -2.602146774 2.364918211 -0.07762899304 0.076493 -1.29176368 0.996816849 1.067542849 0.02841718521 -3.081956509 3.028243326 -3.819031417 -4.794246956 -3.372492219 -0.1792 -4.294086126 1.268581216 -4.116836928 -1.663920245 -1.720519238 -3.08516039 -3.789525249 -3.633679492 -2.194793719 0.8754041289 1.649519054 -3.165064272 2.722755396 0.4700924105 2.679541692 0.155488047
0.7913425256 0.5721135256 0.5040670046 1.444402677 0.3011123529 1.806690803 2.096811016 1.808873327 1.830843453 1.402911269 -1.302231914 -0.962960914 2.378710106 2.325703106 2.757778501 2.96849175 1.796753791 1.071715723 1.073046723 0.133265 -1.166347071 0.2767753067 2.610219579 1.906820217 0.2179006855 0.2387651393 2.343764501 -0.7908685547 0.25645 2.44875482 0.08421291455 0.09750991455 -1.79921395 0.6618827877 -0.9796536497 -3.683608942 -1.591698036 -3.173572624 -0.052889 0.6400905043 -4.07622697 -3.993468773 -2.037241665 -0.09985012607 1.005673314 1.921252168 3.154253337 2.92809744 -0.9631199316 1.840459119 3.619489818 2.403174945 3.545136015 3.298893302 -0.3452782594
0.2645918017 0.009315801699 1.980656047 -0.5128164805 0.590484974 -0.6281067152 0.9980154951 0.4083952659 1.365749656 0.9831385631 -0.03543292731 -0.2515199273 1.499495029 1.724224029 2.142101089 2.000865392 -0.8150243248 -0.149040248 0.1428647519 -0.195418 2.175209274 1.091951657 1.586517014 1.470467473 1.603841662 1.615297488 2.447625565 1.819964505 0.160851 2.043348997 -0.5170941568 -0.2323441568 -0.854490414 0.2437586646 -1.176904229 -0.467013555 0.5491414897 -0.3369661782 0.136426 -0.9163952251 2.159559694 2.986351456 1.458384351 0.9496823219 2.027284267 1.78894528 1.203583867 1.318325888 -0.01444280571 -0.3726620172 1.897194517 1.49697747 3.118526135 2.428927816 -0.9132402557
-0.8730844213 -0.5423904212 -1.214414244 1.787847293 -1.079808166 0.35000612 1.765017576 1.87630957 -0.06491393901 -0.4097390716 -0.00354351013 -0.00320051013 2.788045834 2.910102834 1.800803701 1.721564329 1.817999368 -0.9948239864 -0.8439759864 0.082889 -3.322108023 1.242787571 2.766501873 1.780977832 0.7568470147 -1.838935132 -0.04559922919 -0.8542078677 -0.053814 3.059998219 0.5168269767 0.6361959767 -0.7438067236 0.3299054091 -0.7731153035 0.04490243375 -1.278194306 1.382245007 -0.197005 2.527733508 -4.133069823 -4.14004017 -3.345234984 -2.86868228 -3.782991746 -1.973402432 -3.192143365 -3.2700794 0.00278725801 1.820827311 -4.049872134 -2.568940066 -4.450534952 -3.429714607 1.392973903
0.229603749 0.321457749 2.213666559 2.381016963 2.265746489 2.503284008 3.508026397 2.506312213 1.838833928 -0.276707947 2.954581432 2.684980433 0.1926081954 0.04179319538 2.68359043 2.873296209 3.266611078 0.3730534869 0.3475964869 -0.251729 0.3617628627 1.068179665 3.685917943 4.393427679 1.589628485 0.8067674695 1.829761859 0.4560423384 0.050552 3.132118586 -2.915473185 -2.465843185 -0.06337492403 -3.498295713 -0.9206648768 2.882184187 1.074052628 3.270566346 0.1337 1.635862976 -2.242939627 -4.2102792 -0.8932698238 0.4038024306 2.403832369 2.86923099 3.282408289 3.232936745 1.836042748 3.582332275 -3.492368017 -3.224626846 -4.272922902 -3.878568139 -1.423027387
1.820465336 1.513478336 2.480302398 1.558954867 2.382234978 1.671166383 2.087193424 1.797641767 -1.060654307 2.568094805 -0.9312189063 -1.085892906 1.650622845 1.736917845 -0.08932707451 -0.2115506285 -1.657175785 -0.4933780993 -0.6662050993 -0.098972 -1.160846555 0.5109598441 2.721001392 0.2863159143 -1.6533941 -1.395259382 -2.676080434 0.481758192 0.047272 2.942430868 -0.2836127255 -0.2801497255 0.9870182443 3.219975862 0.2849118532 1.177300911 2.038021523 -1.586225061 -0.148097 -1.901983318 -2.446844895 -2.425268697 -1.826656351 0.5701085445 -2.68252879 0.4125363821 -1.222823199 -1.739582729 2.57494446 1.285252837 0.8372073245 -0.8016117669 2.589805718 2.518073491 -0.4056774812
1.344501078 1.018235078 1.711675535 1.75240616 3.405123838 1.853152136 2.688170087 1.878454709 1.831758626 -0.9832476001 2.276707289 2.287121289 0.07767545389 0.03462045389 1.601893525 1.712193255 -2.501420989 0.804385226 0.595392226 0.056272 1.340979593 0.7449352998 2.784064804 1.601796233 1.660389671 1.770689906 1.974988641 2.38367 -0.254177 1.92124486 -1.976744912 -2.014759912 0.8063864439 -1.316265845 0.04003935399 3.020040859 1.340425357 3.531164423 -0.147461 1.297554041 3.578541797 3.963921503 3.402231458 0.08091189044 2.51480104 2.28358091 0.2187292418 -1.090201768 -1.028066386 1.141908597 -2.958335068 -2.589126082 -3.109792761 -2.980990126 -1.099681836
-1.098402277 -1.174242277 -0.7017905173 1.609682148 1.001377302 1.069776846 2.161936151 2.090735745 1.27367499 0.8730884067 0.9266608278 0.7723778278 2.064230949 2.240880949 -2.008572 -2.106981402 -0.1363450964 -1.212321866 -1.438278866 -0.005928 -3.250530556 0.5766817969 2.219092937 0.8588870702 1.24250176 -2.149353041 -2.37013511 -2.94551595 0.102122 2.150175339 1.310076195 1.400554195 2.030579451 0.1996270087 1.902480769 3.431260209 3.579076833 2.962294659 -0.147905 1.718170002 2.709072958 -2.346163076 0.3857433059 -2.353654793 -2.360253108 -3.07424238 2.837933461 2.11351511 1.653666664 -1.263757558 2.847671699 1.841940172 -2.070458358 0.3940481875 -0.2363157183
2.942229485 2.821117485 2.170830362 2.0862885 2.828898902 1.629389349 3.048178816 1.644377571 2.601225261 -0.5461966035 0.0887353456 0.3629283456 -2.314205138 -2.554753138 -0.8167348276 -1.037672187 -1.480195242 -1.169898554 -0.8451555536 0.045921 0.624041601 -0.8602246458 2.119360918 1.414931376 1.636810571 -1.378944527 0.01632330457 1.171748286 0.123501 2.342708641 1.388069561 1.280901561 2.595111761 -2.586942704 1.233762592 3.18170497 3.487693041 3.295587621 -0.211039 3.024948507 1.761971027 -3.289735677 -2.317343476 -0.5567331079 2.247444056 2.10102515 2.512371044 1.468036276 -0.03835379401 -0.6267684449 2.40106152 2.835023351 1.6847561 1.753976777 -0.4831771048
-0.1484701052 -0.2300711052 -0.5190748544 1.205625603 2.070865923 1.798857157 1.567345932 1.863810147 -0.7751128638 1.354154147 -0.02007753998 0.3755674599 -3.567885617 -3.436361617 -2.603594605 -2.369878735 1.303982536 -0.6343703705 -0.3885403705 0.128347 1.715954179 3.013298858 2.854355415 3.439419103 1.022393934 0.5956337929 -1.887230823 0.5658420634 -0.010395 3.05589841 2.757622808 2.883575808 4.392002865 3.031869572 1.685769887 -1.116125168 -2.104308402 -1.397782746 -0.144147 -1.493458937 3.330032695 2.343357928 1.98767768 1.284607042 -2.275408899 -1.083306291 0.8963894154 0.9959785022 0.01114950567 0.6163356787 -2.027063868 -1.957249278 -0.7075670489 -2.470188715 -0.6091321356
-0.1980923212 0.1888216788 -0.7378988696 -0.381001097 -3.216109227 -1.490347607 -1.913803873 -0.2315633283 -2.187327888 0.4526205127 -0.326748148 0.03794185207 3.045425821 2.894167821 0.9911951877 0.9758519912 3.077989581 0.6234872541 0.4292822542 0.123908 -0.9765146258 0.3086978786 -0.4847703837 -0.5742562933 -1.114970472 0.6646972585 0.3528672095 -2.804474502 0.147755 -2.673628771 -3.034235348 -2.928688348 -4.780986468 -1.469504126 -3.120760999 0.7471565153 -2.37417486 -1.310457466 0.189077 2.244448831 0.348805888 2.068290672 2.028432345 -1.213367466 -2.228453689 -1.88572198 2.105036849 1.718903273 2.780579088 2.369922379 -2.213823713 -3.903936747 -2.671541869 -2.013831824 -0.9447258573
-1.354147168 -1.308978168 -2.59654051 -0.30773269 -4.526893052 0.1452817342 -1.748248428 -0.8892136498 -0.1296275954 -1.254902507 0.3208557702 0.5049077701 -0.1205120992 -0.4308270991 2.407471066 2.462081706 2.019003852 -0.5182130332 -0.7171010332 0.237659 0.07708890108 1.225132543 -1.474926592 -1.91071294 1.344676457 0.3286029379 1.995475263 2.081992337 -0.064763 -2.658599206 -0.05811327031 -0.07900427031 -0.8304141765 -1.16738058 0.357795055 -0.6386168819 -0.1485511032 1.142282343 0.263166 2.435312783 2.857565418 -0.135609225 1.897327743 -0.6644446366 1.482629901 -1.398804678 -2.144505382 0.003044798757 -0.4354444852 0.4493395561 3.168951381 2.007755296 2.710679421 2.545731399 0.8085708666
-1.405662383 -1.081589383 1.968344587 1.914757285 3.980503528 1.933539727 1.938582998 2.064941299 -1.160919938 0.1439115891 -2.51105839 -2.22618539 -3.110559506 -3.176575506 -2.31885866 -2.364042772 -4.683764421 -0.9661249718 -0.8916009718 -0.129538 0.08880178384 3.136329487 3.092436974 1.188280746 1.055524802 -0.5743810801 -1.155111614 -3.420428006 0.211263 4.018250931 2.019128088 1.956369088 0.792662505 -2.138051244 1.160028396 0.2415854789 0.8478229353 -0.008888495516 0.112797 1.134325965 2.816521643 0.1824650652 1.682383692 -1.36842698 -3.22534803 -3.610467236 3.480000958 2.584906084 1.263847392 -3.266948533 3.349435695 2.682017695 3.200156939 2.545759811 -0.9191214146
2.644647558 2.724766558 1.111928934 1.459569116 1.84723836 1.308049755 2.458774674 1.618285248 -0.4081230187 1.192645878 -0.6381620005 -0.3967300005 -0.7968442983 -0.6197722983 -2.033096933 -2.048566611 -1.504978693 0.2885180332 -0.06299096679 0.117208 0.5232135096 -1.449489061 1.175997342 -0.129737872 -1.25373595 -2.821694226 -3.077999371 -3.174588676 -0.23689 1.794298876 2.283732731 2.142660731 3.79554325 2.723109398 1.172421722 3.446311046 3.652148873 3.12519267 0.104219 3.227331881 -0.8211408617 -2.864593275 -2.296521967 0.453540258 -2.809810658 -2.54856825 1.670660588 0.8560954043 -0.6515887843 -2.305720301 2.236812534 2.953962691 1.311119879 1.557411119 1.285536192
0.5743243752 0.5542703752 -0.9816768901 0.09812526436 -2.795497012 -1.789771661 -2.149708691 -1.66313141 -1.428408997 -2.761194966 -0.799547977 -0.487845977 1.912895121 2.082754121 -3.505735322 -3.326781009 0.5382287281 -2.221653318 -1.850371318 -0.250213 -2.276169615 -0.5187035749 -2.438363892 -2.430793664 0.4547882465 0.06087190074 -2.389822498 -3.153634263 -0.10696 -2.666482291 0.5055991413 0.3586341413 -1.52580104 -2.582832085 -0.08992456715 4.439949222 4.221759257 1.788913497 0.115235 3.9255312 -3.471406959 -3.218996125 -1.292808002 -1.357229646 -1.950363938 -3.546087459 2.94000803 2.163007317 3.460455553 1.15498055 2.277158353 3.971859449 0.7446171135 3.147778696 0.9169591351
0.06551520558 -0.4088627943 0.6588492106 -1.795559024 0.6111354107 0.1310063726 -1.261131587 -0.8236038155 -1.131142914 3.36231235 0.1400536491 -0.023667351 -2.802266548 -3.016741548 -0.7177730386 -0.6848397088 -1.878886016 -0.6690350158 -0.6894290158 0.103408 3.503924065 -0.5691169469 -2.611434167 -1.863634829 -0.8789431886 2.338556164 0.3926398988 1.491731161 -0.066165 -3.454600468 -0.1361469615 0.2527580385 -2.671720295 3.939421005 -3.022222339 2.473554537 1.015577401 1.615288269 -0.141333 -0.445596934 2.057791165 4.30263803 1.557479544 3.306665693 3.458441772 3.223896952 2.469490684 2.68802847 1.322100554 1.427279021 1.48454314 0.4232687976 0.2744150181 -0.02158805443 -0.8712982894
2.303911839 2.253195839 0.9616598455 1.887777979 1.390431163 1.173046904 1.345561462 1.424949726 2.545536569 -2.610542658 3.184084291 3.140908291 -0.001740836287 -0.04426083629 1.699390217 1.549241511 -0.535922308 -0.4539445037 -0.2016375041 -0.160709 1.938069593 3.590948018 2.298667136 2.127782857 -0.9355941889 2.381308314 2.770671457 1.90200718 0.020886 2.471771402 -2.298545397 -2.245872397 -1.078641762 -3.977289549 -0.4008336645 -3.324506405 -0.2690058756 -2.493327744 -0.109673 -2.429916618 -1.303025606 2.196617941 2.006748277 -1.518746463 1.834390332 0.8970161449 0.8356407174 -0.4487277345 3.06521977 -3.362408562 0.9677224308 3.319920284 2.706099893 1.591564988 -0.1049462433
-0.2025946465 -0.1331666465 -1.204415898 -1.542186266 -1.044135317 -1.091874912 -1.853296762 -2.060844951 0.7101366798 -0.9104432609 0.9950063404 0.7244153404 0.5222871492 0.4335871492 -3.183888788 -2.970123148 -2.548011015 -1.715461249 -1.949985248 -0.17789 1.190610389 -3.610843106 -3.57939067 -4.065610462 1.115009079 1.048138314 -2.437078089 4.218760623 -0.104674 -3.57494762 -0.543577527 -0.480689527 0.8578919137 0.9759885406 0.898784061 2.978059738 3.688877634 3.499426191 -0.060522 3.390449521 -1.980563853 -3.312880052 -3.343823177 1.703838044 2.819110238 1.293926458 -3.331601718 -2.964330791 0.745402073 -3.709208525 3.084489922 2.173290443 0.2104562726 2.403279047 1.649712148
