ACTIVATION=sigmoid
0.1024655032 -0.8481675119 -0.5983839054 0.2049939387 0.3515515804 -0.760168897 0.2650661154 0.1647723594 -0.2949430237 -0.07688907666 -0.7523968666 -0.3361835908 0.3960373767 -0.8348895395 0.2647495247 0.2079153074 -0.8706715425 -0.6537678764 -0.6476142105 -0.6677159821 -0.2359337788 0.4029701138 0.6877106988 -0.08720282696 0.2201916199 0.01124933821 -0.3833376173 0.1369154012 -0.9359139476 0.347782256 -0.6009805866 -0.6756824553 0.131477
0.5564372645 0.2915332075 0.356484503 -0.7072381927 -0.623545686 0.4632866775 0.2260763504 0.4704630475 0.2915869529 0.2256528657 0.3814841134 0.6556853917 0.3882399413 -0.8002061374 -0.343284973 -0.8219136521 -1.018007324 -0.6729600911 -0.607000925 -0.8554030112 -0.836320082 -0.4528496129 -0.1060611998 -0.6662558836 -0.8936191296 -0.9343222683 -0.9772741269 0.04804832652 0.06552682567 0.3461144246 0.3460791486 -0.4039826232 -0.083099
0.1574667526 -0.6299510411 -0.1716854191 0.4772772397 0.3559377522 0.03549064629 -0.8425913471 0.4344436557 -0.3395075805 -0.4033271894 -0.7537866414 -0.4498883288 0.6006480497 -0.4320336949 -0.7475494523 -0.6623033843 0.2720751711 0.8064344779 0.621938673 -0.1091762681 0.2756895367 -0.6113446635 -0.4098161093 -0.3214992751 -0.6533530348 0.004387629937 -1.032668159 -0.6315042382 -0.03075900539 0.1695355668 0.4589454029 -0.6408749628 -0.012882
0.1757673769 0.2283585874 0.9026099761 0.5252431847 0.6609704324 -0.5725985244 0.7617267293 -0.8421885195 -0.728360566 -0.5312497035 -0.5830749761 -0.1653200358 -0.6745520504 -0.2429127108 0.002492602243 -1.18261159 0.005508965057 -0.1877681349 -1.014190511 0.1735359493 0.5861027592 -1.130742338 -1.044822886 -0.6363060969 0.5287460426 0.1428897996 0.7397471487 -0.6677215887 -0.03440462167 0.1600618492 -0.7382669202 -0.4285375313 -0.272827
-0.2001562046 0.149342503 -0.2268568882 -0.8141959804 0.5904881447 0.2415550116 -0.7913398691 -0.9634481728 -0.7407408604 0.3269905846 0.2599783265 0.4647918988 -0.301723275 -0.3864666637 -0.6231228507 0.4936746263 -0.8921071874 0.3397715267 -0.2530808706 0.446006405 -0.8517040988 0.006226997913 -0.6956582985 -0.4468424018 -0.2665348416 0.4018482918 -0.1238701588 -0.1009148669 -0.6988032854 -0.876938481 -0.5830292368 0.503624778 0.369956
-1.061825292 -0.9548185475 0.412977591 0.6125983344 -1.102419116 0.6552778778 -0.878467261 -0.4426371109 0.4448426945 0.06620727335 -1.095255722 -1.066476119 -0.4619976193 0.3488025866 0.5779626589 0.4458435231 -0.9016673746 -0.08150301828 0.6638531046 0.08120078974 0.2563945527 0.04581416594 0.7018385969 -1.169558866 0.3240522283 0.1847790511 0.4082693286 -0.7661917655 0.07302985601 -1.175340342 0.3065364774 -0.8703286321 -0.269277
-0.9686201872 -0.5844094523 -0.1185509685 -0.6772067255 -0.6216691133 0.3894068061 0.6780024036 0.1957774324 -0.5470482468 0.08674830074 0.04349908393 -1.015743522 -0.9653955601 0.7717592627 -0.4868225842 0.6139088432 0.639682955 -0.7499852976 -0.7980770183 -0.9354309458 -0.8792212058 -0.006457235225 0.0786724818 0.3403568542 0.1624586844 -0.8731689964 -0.3399285826 0.3498045884 -0.06528525812 -0.5517414236 -0.4048029902 0.6574505378 0.334708
-1.404321756 0.4063655838 -0.8191497997 0.2474055365 -1.083953355 -1.18726843 -0.7827814787 0.4183222982 -0.7839531295 0.2032669459 -0.1185466813 -0.6584333055 -0.4341775578 -0.8257630658 -0.7531505177 0.2462732315 0.2831524477 0.3553225565 0.6253509941 -0.4800535717 -0.1822015867 -0.068145396 -0.6906370461 0.4599075827 -0.3539877525 -1.262847525 0.2824654396 0.3523310089 0.6973828784 0.6292161779 -0.4309769723 -0.8090770774 -0.231437
0.6192786748 0.01588749569 -0.8248976811 0.007518944554 -0.7329285532 -0.6188320748 0.7758798761 -1.05637107 0.2908422067 0.02931202182 0.7477000473 -0.7573980616 0.005245483184 -0.6421967388 -1.084689733 0.02949763858 0.1265017355 -0.5757741058 0.4843818011 -0.2188824394 0.03465423041 -0.8054893906 -0.5655925839 -0.3353000666 -0.469152196 0.4197520007 0.3342906587 -0.3053084416 -0.7649529543 -0.6977528397 0.6533285133 0.03878769934 -0.209758
-1.083146668 -0.3230291901 -0.3946742746 -0.9250768348 0.3238388683 0.375183823 -0.8771074318 -1.097696338 0.3650292286 0.1408915646 -0.9134123034 0.6057219997 0.4896131636 0.09046085516 0.4703028536 -1.040471981 0.4143315417 -0.3691623822 -0.7075838256 0.5729824882 -0.0745421907 -1.013405627 0.4374236545 0.6617186748 0.3101821492 -0.5082016283 -0.9632132434 -0.9128887168 -0.0545686534 -0.04965268301 0.5713567032 0.3883789888 -0.299036
0.2897078454 -0.4536105988 -0.4002304669 -0.6994272992 -0.583494405 -0.964914375 -0.8548029733 0.3407128843 0.5281832588 -0.8403816661 0.4936679231 0.5021501847 -0.4661532974 0.7294776878 0.7997571683 -1.072609279 0.01880440732 0.3990938262 0.2019689464 -0.7783053763 -0.3666400606 0.4405747175 -0.4530402919 0.1809817829 -0.1844482888 -0.1871892294 -0.01821581968 -0.8233862064 -0.6975328502 -1.016992692 -0.5657234127 -0.7929530345 0.286797
