ACTIVATION=sigmoid
-1.392907858 0.7189522386 0.8430273533 -1.101657748 -0.6460168958 -0.5402208567 -1.19837749 -1.236994147 0.1790265739 -1.191929817 -1.160587192 0.7740653157 0.3891962171 -1.302867293 0.8641827106 -1.730663061 0.7780141234 0.6171759367 1.070483685 -1.65440619 0.771007061 0.6682079434 0.5960217118 0.896135807 0.6982351542 -1.060624838 1.001019597 -0.9878342748 -1.364654183 -1.381035566 -1.089374304 -2.064022779 0.1553934515 -1.090431213 -0.6011639833 -1.495440483 -0.7274365425 -0.09713974595 -0.7060618401 0.495763272 0.56483531 -0.1625572443 0.6300711036 -0.7096565962 -1.639672875 0.1538834572 1.083242059 1.117774367 -0.1449762881
0.1567033976 0.07413304597 -0.8830611706 -1.962563038 -0.433046788 -0.5241519213 1.205205917 -0.4950469732 -0.5533953905 -1.40785861 -1.140339255 1.380607963 -2.956550598 -1.573146582 -0.16157417 -0.1419807822 1.447893977 -1.53878653 -0.3925888836 0.3627143204 -0.7727547288 -1.035941243 -0.9432892799 1.731079102 -1.452040792 -0.4056574702 1.024564147 -1.302035093 -2.070341825 -1.13041985 0.2870344222 -0.9956575036 1.398501396 -0.3717998564 -1.208517194 -2.064317942 1.433367252 -1.688421607 1.614976406 0.8618929982 1.808978915 -1.13890934 1.541262627 -0.6825135946 0.7596712112 1.101637721 1.149574041 -0.2974160314 -0.4643723071
0.8936584592 1.561650991 0.1465861648 -1.929481864 -1.983584166 -0.9288194776 0.3154121637 0.3629386127 0.06871397048 -1.709407568 -0.943803668 1.46448648 -0.5220999718 1.471795797 1.127406836 -1.030930519 -1.87503469 2.345073938 -2.241367579 1.195578337 1.120385647 1.322242141 0.6391803026 -2.276568174 -2.212409496 0.16295214 -1.592490435 -1.304707527 -0.2838781774 -0.5629912019 -1.474129677 1.264740348 1.303662181 -1.775635481 -0.4744471014 -1.808998585 1.727919579 0.2735812962 -1.473480582 -1.657161474 -0.6883419156 0.08605308831 0.09961833805 0.3239018023 -1.325107217 -0.8709853888 0.2768060565 -2.04624486 -0.03987213224
0.1486805826 -1.71001792 0.9728304148 1.456332564 -2.239258766 0.6103506088 1.465816617 -0.4440592229 -1.503874302 -1.853245139 -1.042960882 -1.364528298 1.495449781 -0.1176790744 1.458132982 -1.083338261 -2.013982058 -1.50790298 -0.6683995128 1.038768053 -1.727833748 -1.767477512 -1.8571136 1.403914213 1.522099376 0.008892809041 1.378382206 -1.261122227 -1.703614593 -1.686144114 0.2740373313 0.940463841 -1.087563157 -1.569378376 0.307851553 1.249595761 -1.784592748 1.439818859 -0.4821479619 -1.525857449 -1.808053613 -1.616848469 0.6123689413 -0.4271998107 1.140499711 -1.996203542 -0.01887643896 -0.04417448118 -0.5622422695
0.3027796149 -1.500864625 -0.8788796663 1.257119298 0.04984635115 0.1192631274 1.703465462 0.2260662317 2.210831881 -1.016288638 1.244223595 -0.8040444851 -1.457275987 0.2424425185 0.5516841412 0.07444160432 1.768648148 1.345583439 -2.158214569 -2.573499918 -1.344136596 -0.9907989502 -0.4479441941 -1.553972602 1.644034743 -0.4115096927 -1.578196406 2.28420639 -1.181882501 0.07090429217 0.4011516869 -0.7209044099 -0.8251415491 -0.8400611877 -0.8772767782 -1.705545545 -1.014615536 -2.145907879 1.982170105 -0.7100497484 -1.605005741 0.3827792406 -0.8589151502 -0.846447587 -1.0038867 -1.695516109 1.102267504 0.4795132875 -0.4215018153
-1.184572935 -1.209670782 0.2976447046 -0.4561543465 -0.8816422224 -1.032572985 -0.8141742945 -1.05441618 -1.269889116 -1.366220474 1.281043053 -1.167766571 0.3106283247 -0.8664360046 -1.42310822 -0.9875698686 -1.217028379 0.9868959785 0.9948267341 0.7903517485 0.08578132093 -1.259273291 1.043874502 -1.440578103 0.6274026632 0.6772072911 -1.17867291 0.7214781642 1.202044249 -0.1925952435 -0.5537443161 -1.106866837 -0.8629897237 0.8493905067 1.03822875 1.069870114 -0.02549198456 -1.49755621 -1.466965675 1.22923708 -1.154443979 0.3799724579 0.6707119346 -0.4560552239 -0.1837974191 -0.4247267544 -1.44095242 -1.532022834 -0.1319466531
-0.7004807591 -0.8942037821 -0.5559262037 0.9802225828 0.9056133628 -1.382977843 -1.708886027 0.9638360143 -0.8030156493 -1.093181372 1.059993744 0.9193845391 -1.724696636 -1.361086369 -1.362126589 0.8159130812 0.7629073858 -1.497156978 0.9271177053 0.6312424541 1.133944392 -0.2871642113 -1.617818832 1.019420981 1.238276243 0.1836266667 -0.4137569964 0.08593457937 1.018046737 -0.5186457634 -0.09850078076 -0.4846560955 -1.463062286 0.758915782 -0.7488483191 0.3089079261 -1.104407787 0.9308763742 -0.3243662715 -1.064728022 -1.307504892 -1.504090905 -1.616782546 -1.430446982 -1.253573298 -0.79020226 -0.5873000622 0.9479907751 -0.7822642326
0.3453439176 -1.418198466 0.2268638611 -1.443548679 0.7148139477 -1.557938576 0.98312217 -1.55970645 0.4951130152 0.7797371149 -1.271200538 0.2235352248 1.051793098 -1.386290789 -1.234045506 0.2861477137 0.7017486691 -0.5877441168 -1.419702411 -0.1120804399 0.4848692417 -0.9603927732 0.7451768517 -1.54473877 -1.49343133 0.4728577137 -0.9091387987 -1.497640729 0.7124067545 -0.2487177998 -0.7467223406 0.3711374998 0.6128134131 -1.356083512 1.042074561 -1.497744083 -1.786319613 0.3405733109 1.152465224 -1.410647273 0.9209395647 -1.752221823 0.4093838334 -0.07419732958 -1.453312516 1.116734505 -1.173622012 -1.472484946 -0.09564608335
-1.227253675 0.5056517124 -0.4758149683 -1.132117629 0.5884820819 -1.141725183 0.8006287217 -0.07643000036 0.8842166662 0.6728077531 1.000281453 -1.577651739 -1.663072824 -0.06428230554 0.1531138867 -1.047051907 -1.489491105 -1.392215371 0.8882764578 0.6500560641 -1.288638592 -1.404424787 -1.623987079 0.8317272067 -1.854141712 -1.542245388 -1.580258965 -0.2953511178 0.5799210072 -0.03703804314 0.02900897712 1.083483577 -0.6984790564 0.1428760141 -1.502467871 0.9157876372 1.067000389 0.2487113625 1.081458569 -1.537444353 -1.403891444 1.143863678 -0.3602343202 0.1565566808 -1.522314429 -1.164888859 -0.9307371974 0.7532233 -0.2143082619
0.6464645863 0.430683881 -1.33990097 -1.165873647 -1.028996944 0.1595791429 0.8332750201 -1.046114326 -0.9114710689 0.217069149 -0.8004863262 -0.7478506565 0.06529372931 -0.02983963676 0.2919316888 -0.9263914227 0.6790452003 -1.040624142 0.9795347452 -1.373405695 0.7303231955 0.5158028603 0.415210098 -1.161920071 -0.9793568254 -1.140834332 -0.09893198311 0.9017342925 -0.8293426037 -0.4614208341 0.1292056888 0.5286138058 -0.8376232386 0.689068377 -1.102658391 0.6517704129 0.5982774496 0.3938935101 0.6723690033 0.6929374337 0.1129531339 -1.386289477 -1.405555964 -1.119716525 0.3167455196 -1.224403262 -1.052453995 -1.071496844 -0.5966293216
-0.3723880947 -1.425716639 0.1655502468 1.068645239 0.6639587879 0.526937604 -2.076268673 -1.320539951 -1.840992689 0.1670330316 -2.329731464 -0.8881154656 -1.646141052 0.2018310279 -1.729028225 0.5532265306 -0.7351487279 -1.616069913 -1.186342001 -1.946015716 -1.201829314 1.8239429 -0.4332812726 0.2834484577 -1.389544964 0.6399500966 1.713047385 0.4624406993 -0.7692322731 -0.9678537846 -0.383615464 -1.952781081 -0.348254621 -1.472360492 1.197389841 -1.590892553 1.23741889 1.648799419 -2.285240889 -0.3480497599 -1.065926552 0.6648498178 0.4955061376 0.4062415063 -1.676144361 1.694699287 -0.9518752694 -2.355661392 -0.2381954938
-1.03116703 -0.976590991 -1.329630733 -1.09910953 0.6878936887 0.4719893336 0.9590087533 0.9497244358 0.5165473819 0.4299573004 0.138625443 -0.8685724139 0.1165189594 -0.7127422094 -0.7118546367 0.3318448365 -0.999941051 0.4871779978 -0.9747205973 0.9039618969 -0.7421121001 0.8328310847 -0.7304571271 -1.20827961 -0.6424094439 -1.035590291 0.7721180916 -1.145498991 -0.9545750618 0.1276919544 -1.190146208 -0.7591869235 -0.8739930987 -0.3020115793 0.236875236 1.03405416 -0.9951851368 -0.5507732034 -1.097638488 0.6234353781 -0.1713309884 -1.287892818 -1.176351786 0.3760486841 0.5345258117 0.6287948489 -1.170153737 -0.04604951292 -0.4840887785
0.6109916568 0.2901273966 -1.477669358 0.6622830033 0.3842236996 -0.2403285205 -1.434830546 0.6132906079 0.8890966773 0.162932083 -1.311907649 0.3572149575 0.3461019397 -0.3470888436 -1.792894125 0.3950473964 -1.029701352 -0.2729293108 -1.257932663 -1.601528287 0.6064912081 -0.8114779592 -0.3781200349 -0.1907998174 -0.4191917181 -0.7221002579 -0.632245481 0.6440460682 -1.22083652 0.08691278845 -1.148259521 -1.350623727 -0.4606196582 0.6627478004 0.5007425547 -1.536378145 0.7525171638 -1.737761497 -0.9300542474 -0.6602963805 0.6332933307 0.7366145849 0.02842245251 -1.609911442 0.6781734228 -1.608313203 0.1243471876 0.8245377541 -0.004131603986
0.1178948879 0.8702495098 -1.576893926 0.564007163 -1.49189949 -1.524416208 -1.398323774 1.222229123 -1.064018369 -0.1069694012 -1.346928 -0.5213199854 0.7649013996 -0.6852504611 -0.6539091468 -1.388266563 -0.7601060271 -0.9368245006 -0.57790488 0.7022011876 -1.156814337 -1.19094193 1.043549657 -1.295554638 0.8980612755 -0.1970905215 -0.9609585404 0.6602880955 1.308698297 -0.6527397037 -0.6036419272 -1.120448709 0.4850787818 -0.4057381153 0.1011764184 -1.457018971 -1.297932148 -0.6076232791 1.358518124 0.6329248548 -0.3476492167 -0.5147709846 -0.6613876224 0.4556785822 1.026852369 0.7255167365 0.6230774522 -1.30704248 -0.2744329572
-0.722555697 -1.130815864 0.4995427132 -1.041236639 -2.161228657 -0.6375835538 -1.438000798 -1.080663323 -1.547728181 0.227443397 0.6824713349 -0.9132552147 -0.4805548489 -0.4510771036 -1.162589431 0.1351939142 0.1516801119 0.999558568 -1.329722643 0.6915185452 -1.239481568 0.04352306947 0.2966487408 0.8731234074 -0.9888510108 0.3570272028 -1.552677512 -0.7346374989 -1.368398905 -1.445523739 0.8990979195 1.044486403 -1.209170222 1.074863553 0.6445618868 0.8279426098 -1.560966253 -1.533430696 -1.31899929 -1.07671833 0.897805512 0.9512811899 -1.716948986 0.690215826 1.049703836 0.6943594217 0.8444129229 -0.7091323733 -0.5033538342
-1.411821961 0.9375560284 -0.3345990479 0.4061682522 0.3249077499 -0.2439496666 -1.027505875 -0.7036241889 -0.9943546653 0.6950365901 -0.8797164559 1.132457256 0.6635471582 -0.1469172686 0.4412884712 0.009756103158 0.6643672585 -0.6635453701 -0.6205247641 -1.413438559 -1.176320434 -0.9721096754 -1.015030026 0.3835131824 0.6409391165 -0.1589094549 -1.183987498 -1.021223307 1.31294024 0.3435463905 -1.366388083 0.7091810703 -0.5889225602 -1.174354553 -1.315398693 1.050979137 0.8980994821 -1.363441348 -0.9612813592 -1.166048527 0.1160207391 -1.431343436 -0.2853983343 0.3892482519 0.4226167798 -1.255485654 0.2409919947 -1.455233455 -0.8148110509
