ACTIVATION=sigmoid
0.6676752567 0.01451656781 -0.6559941769 -0.0439077951 -0.4772438109 0.1403128207 -1.553788781 -1.185739994 -0.3994758427 -0.8607602715 -1.023943901 1.63006115 0.8223767877 0.7447139621 1.319648266 -0.7569391727 -0.4761663675 -0.009809999727 -0.2995429635 -1.241829872 -1.247249126 -5.510259151 -1.018374562 -3.667054176 -3.02394557 -4.004366875 -0.1356453896 0.9556844234 1.53222084 0.6265557408 0.4401354492 -0.6625673771 0.5600984693 -3.335401535 1.640302896 1.73777163 2.018463135 0.9284467101 2.708645105 1.283722639 0.9349979758 0.9057380557 -2.14359951 -1.035350919 1.247703075 1.053499341 0.2311313748 2.458751678 0.07010100037 0.03531441092 0.8356181979 0.4329206347 -0.157951951 0.9248046279 0.7176945806 0.9340984225 0.574467361 0.3984668255 -0.05380376056 1.622479439 2.064132452 1.565892577 1.180276513 2.711305857 2.086548805 -0.9360563159 -0.2267585844 1.270676732 -2.195526123 -1.314764619 -0.5490369201 2.333091974 1.15776825 -3.224089146 -2.994106531 -2.003947258 2.313647747 0.611266315 1.537264943 0.2230088413 -0.9839754105 1.048536539 -1.655442595 1.738490105 0.2924130857 1.657524586 1.535832524 0.6290188432 0.5838836432 1.060749292 1.207671285 1.386152983 1.086828828 1.003527403 1.915325165 1.332292557 0.4840865135 0.7898163199 -1.004320025 -0.8731408715 -0.7181703448 -1.138858795 -1.130997658 0.09516657889 -1.676691532 0.6862998605 -0.4567673206 1.700899124 -0.0569809489 1.035567284 -0.5963387489 -0.408378154
-0.639733851 0.615310967 1.089589477 1.837005377 0.9089226127 0.9933435917 2.418135881 2.320074081 1.680452228 1.392260075 2.302462339 -0.5165103674 -0.4242056906 -0.5345851183 -1.509434342 0.1868161559 0.1885353327 0.02449500002 1.283671975 0.9193197489 -0.6491812468 6.223710537 0.4151395261 -1.824078321 2.9115448 -0.2810053527 -0.3132779002 0.9209342599 -0.05914751068 0.2670318484 -0.3557821512 3.472636223 0.1060022563 1.785468936 1.561535239 2.11968565 1.710416079 0.9463948011 2.043748856 0.8248631358 0.703396678 1.520827174 -1.191194177 -0.494515866 -1.329236627 0.9682905078 -0.7339456081 -2.494993925 0.03618000075 -1.343509793 -0.7938915491 -3.869176865 -3.969097614 -0.710255444 -1.187422037 1.051107407 -1.657320738 -1.216959238 -2.082808733 -0.07342023402 -0.6931641102 -0.366980046 3.179485083 2.892230034 2.82935977 -0.04491938651 0.5100314021 -0.8923059106 -1.835052967 -0.7023497224 -3.878985643 -1.515870094 -0.775333643 -2.950237036 -2.65045166 2.400141001 -1.214901567 -0.7543888688 -0.1880377978 0.154310286 1.701506495 -0.3617143929 -0.8205040097 -2.335498095 1.163256526 -1.713142276 -0.917699337 -0.7103156447 -0.8351887465 -1.523681402 1.65449667 1.978243589 1.671698809 1.660134077 1.65939486 1.599633932 0.8108729124 -1.324602365 -1.289064169 -2.258564234 -1.19204855 1.513931036 0.7318749428 -1.557765603 -2.723208427 1.175386667 -1.332879663 3.224836111 -1.243381023 -0.6357207298 0.1474789679 -0.06275225431
-0.003448246745 0.1508082896 0.7056093812 0.5173018575 0.3990150392 0.3548350334 1.256455541 1.721345901 0.2524074316 2.196059227 0.7521155477 -0.2229196578 1.79075551 0.9757029414 1.056336761 1.749857783 1.100780964 -0.1539420038 0.7406674623 1.307383418 2.298018932 0.5480152369 -0.560767293 2.999413252 1.897759914 2.570503473 -0.06023570895 0.3494368196 0.3625642359 0.3564351499 1.193524241 -1.852522373 0.5633386374 2.040777206 1.086155772 -0.4002747536 0.4721428156 1.32770884 0.8040472269 1.085330486 0.9500088692 0.5727745891 1.35556531 0.7768324018 -0.1510992199 0.274320066 0.7642382979 0.04119567201 0.08840399981 1.973184824 0.1016015559 0.7628324032 1.506370187 1.354665399 0.6087573767 0.7899850607 0.6854844689 0.1666923314 -0.1217720583 -0.5701823831 -1.031539559 -0.6354733706 -2.152356863 -3.176612854 -2.998736143 0.2361473292 1.236140251 1.450487137 1.917437553 0.8442108631 4.332843304 1.640784621 1.288614154 1.566236019 1.355847001 0.2046812326 1.918179989 0.8886390924 1.204934716 1.363895535 0.4414781332 0.482924521 -1.666224718 1.540673733 -0.4070541561 0.6992707253 -0.1743055284 0.00139609864 0.5753739476 1.317908168 -1.987824798 -2.154638767 -1.880802631 -1.816512108 -2.074697018 -1.942363262 -0.7951790094 -0.466991961 -1.867454648 1.664132714 -0.5825109482 0.5101119876 1.728701949 1.165886402 0.9959934354 0.8465801477 0.2855481505 0.002755933441 -1.521336555 0.3279899359 0.5433811545 -0.6681748033
0.6477525234 -0.1082072407 -0.3231198788 -2.987267733 -0.08060857654 -0.9233819246 -0.9336922765 -0.3378986716 -2.220501184 -0.8850816488 -1.851125479 2.266898394 0.5050481558 1.138124943 1.879765391 0.9683622718 -0.7541002035 0.06445299834 -1.10912025 -0.147247985 -1.386856675 -6.306279182 -1.244113684 0.7063173652 -0.4887219667 0.2414298803 -0.1968071014 3.072016954 0.1623379737 0.7909594178 0.1758011878 2.514958382 0.4730188251 -0.2496049255 -1.25123632 -4.495563507 -1.257542729 -2.252203703 -0.14873299 -1.162869692 -3.417440891 -1.04591465 -2.297151089 0.9420278668 1.529256105 0.8728374243 0.0663915351 2.693370342 -0.08646500111 1.41037178 1.529070139 0.6380510926 2.250906706 -0.2908233404 0.8918620348 1.765246511 -0.1434694678 -0.4773745835 -0.4876716137 -1.010910153 -0.9684984684 -1.221551776 -3.137155533 -2.702248812 -2.47040081 0.9272660613 -0.5689864755 1.631378174 1.760726571 -0.3127797246 0.5420133471 1.456544161 1.804666519 1.75729847 1.461422086 -2.912698746 1.654046535 1.353445411 1.450749516 -2.207571983 -1.481894016 -0.3485172391 -1.153516293 -2.251020193 -0.9571603537 2.010805368 0.7708635926 0.2305042893 -2.009528637 -1.00353539 1.466061234 1.351248145 1.507744789 1.40292275 1.351189137 1.280202389 0.8650519252 0.3049702048 -0.06455876678 0.3172948062 -0.4669274986 1.048412442 0.3697501719 -0.3367320001 -0.3837727308 0.247875616 -0.8705826402 1.706006885 -0.3247472346 0.490473479 0.3968978524 -0.6150299311
1.51421082 1.696529865 1.434021354 1.349709988 2.488175154 1.496695399 1.705297947 2.829557419 -0.5458971858 -0.2604930997 -0.4322079122 -1.777864575 -0.5577469468 -0.560146451 -0.5956997871 -0.9310444593 0.8590992689 -0.002299000043 2.328341246 -0.2765952349 -1.094861984 5.238040447 1.764435291 -1.404219031 2.831777573 -0.2484847456 1.925097227 1.661605 1.446201563 1.185189724 -0.444986701 -0.8104378581 -0.1724067479 3.010137796 -1.470550656 -0.3990945816 -0.9631471634 -1.848851085 -0.3570429683 -0.798743546 -2.101598024 0.4127858877 -1.94688797 0.9801684022 1.530648232 1.719534993 -0.3890864551 1.749088645 -0.01996199973 1.588702798 4.031594276 3.684672594 4.131831646 2.575565338 1.15658462 1.415841222 2.153348684 1.812645674 1.342542052 -1.935021639 1.022539139 -0.007717525121 -2.027968645 -0.9243870378 -2.505978346 1.685016751 1.258819461 2.192686081 1.566934824 2.247280836 -0.4048665166 1.821746469 3.579157352 2.457591772 2.075896263 2.223338127 -2.736759186 -3.2034266 -1.490234971 2.682389498 1.335296512 1.034891248 1.513627768 -2.770226479 0.9715422988 1.294258595 1.397850037 0.4582269192 -1.505880952 -1.811763763 -1.468609214 -1.807615876 -1.182249904 -1.19775033 -1.50704658 -1.478784919 -0.520735383 -0.5107579231 2.356885195 -1.085696936 1.183698893 1.062507272 1.25974679 -0.6153247356 0.1974959224 -0.5743864775 0.8277128935 1.321507812 1.232379794 2.20467329 0.3884406686 -0.971927762
0.4008760154 1.073749065 0.4513815343 -0.05672893301 0.6683332324 0.5945059061 0.5071694851 1.484953284 -0.9750141501 1.268481374 -1.048398018 -0.5585334897 0.593832314 0.762976408 1.747263432 0.4471694231 -0.9683459997 0.06264100224 -0.1559161991 -0.4011366963 -0.8752061129 2.843064785 1.00160563 1.480726719 0.6859366298 0.8917648196 0.04605863616 -1.033274531 0.5553632379 -0.3726509511 1.539164186 -2.054264307 0.3503379226 0.1709089726 1.011991739 1.310335517 0.8049005866 -0.2983420193 1.358354807 0.4407180548 1.69325316 0.7522068024 0.5830504894 0.369466424 0.9507982135 0.026422631 0.6890668869 2.315973759 0.1254069954 0.7556719184 -1.248820901 -2.918184519 -2.254458189 -1.317345142 -1.156124115 -0.8550954461 -0.5870786309 -0.05564122647 1.095520616 1.031499028 0.5431355238 0.3201033473 2.424818993 1.718010902 1.733813405 0.5291750431 -0.7154889107 0.5142857432 0.5010000467 1.299238801 -0.009861586615 1.665800929 1.581091523 0.04309904575 0.4470998943 -0.8490780592 2.157274008 2.307657957 1.643576622 -0.1168679073 -0.1099226251 0.7035813332 1.162484527 0.3677971363 1.11703372 1.190612555 0.9128427505 1.437669992 1.119032502 0.3124876022 -1.419146538 -1.568834186 -1.462206125 -1.555536866 -1.893996954 -1.466210485 -0.7078757286 -1.345505834 1.511537313 -0.04922923446 0.8378733397 0.6888978481 1.674981117 0.9628890753 -0.3921979964 1.290288806 1.107050657 0.4403733909 1.437621236 -1.137927532 0.7155095339 -0.3593198359
-2.320920944 -2.435930729 -0.3081386983 -2.19000721 0.1091893092 -0.3817988634 -1.306402445 -3.626306534 1.072430253 -0.9367245436 -0.4076733589 -1.811241388 2.545865536 1.250028372 1.568961382 2.262639523 1.233617902 0.02064700052 4.303845406 2.082361221 2.002224207 1.552350283 -0.7833256721 -1.19655025 -1.697588921 0.1464432031 -0.06305719912 -3.137599468 1.312895417 -0.3901436627 2.139362574 -2.098803759 -0.5983945131 -2.75144434 0.3579716086 1.358908772 -0.3226200342 1.096784115 -0.1276121289 1.687239885 4.291316986 -0.4301664531 2.50312686 1.182736158 -2.115268469 -1.332962275 -0.2418764234 2.149094105 -0.03990500048 4.313047886 -3.825812578 -1.790205956 -1.608399987 -0.1437589675 0.2875364721 -1.749124527 2.566820145 1.585630059 1.361386895 1.437686443 2.610920906 1.726810217 3.246302843 3.11655283 2.851131201 1.08922267 2.074696302 -2.946970463 -4.776545525 -1.991722584 -5.904310703 2.713160038 -2.465179443 -3.914400578 2.416668892 3.431351662 2.099905014 0.1580910683 2.276484966 3.427146912 1.332487702 1.971628785 1.063516974 -1.419500709 1.149847984 0.2939921021 1.537849545 2.177629948 -1.53463304 -1.528268576 -1.706511497 -1.848565936 -1.690852642 -1.674945235 -1.528666615 -1.682421565 -0.7085108757 -3.533839464 1.640910983 -1.308110118 1.621800303 -1.408785462 -1.293502331 1.90207231 1.183328629 1.276736856 0.6869823337 -2.485014677 0.4267373085 2.261970758 -0.8399008512 0.274340868
-0.6794604063 0.1720355153 -0.1640021801 -3.193386316 -0.474262923 0.09285983443 -0.3714012504 -0.4998833239 -0.6207219362 -0.2165870368 -1.796374559 0.01067469921 0.7684867978 -0.5120692849 0.2599973381 2.067864418 0.2792295218 -0.1080880016 2.376688242 -0.2533761859 -0.8993492126 0.6708846688 -0.5627647638 -0.5688104033 -1.322483897 -0.3056355417 -0.320420444 3.711495638 1.011109114 1.428608656 -1.253986478 2.575013161 -0.5610579848 -2.561877012 -0.08508336544 -1.417743087 2.100693464 -3.297710419 3.263080359 0.7642397285 -3.277297497 1.328124046 -2.179346561 -0.8046612144 0.1185275391 0.1320604235 -1.329461217 0.6130866408 -0.09772600234 -0.7875410318 1.328211188 0.489926368 0.660405755 -0.3882280886 0.5400393605 2.1774261 -1.254995108 -1.460612893 -1.878222466 0.939680934 0.606069088 0.7759951949 -1.999540567 -2.649488449 -2.643569708 1.404742479 0.5120509863 -0.6795889139 -2.267916918 0.6155862212 -1.842593908 -1.592743993 -0.1804964393 -2.535472155 -2.988927603 -0.1517290473 0.5116065145 -0.01131066307 1.45468235 -3.133268356 -1.453091145 0.8406015038 2.197214365 -1.236606836 -0.2736924291 0.8550343513 1.045054913 1.609293938 -1.917014956 -1.340938926 1.64944315 1.797938704 1.741688371 1.677212119 2.068499565 1.58907187 0.8527401686 0.1536318064 2.112603664 -1.6516155 0.634359479 -0.6207845807 -2.215693951 0.1713880301 -1.571605325 0.5850482583 -0.2248762548 1.383705497 1.517150044 -1.772841334 -0.2859688699 0.4080096781
0.4245060384 -1.077271223 0.829965651 -0.6517730951 0.7532196641 -0.9066742659 -0.2083025724 0.6590276361 1.156723619 1.196092248 -0.1590331346 -2.767468214 -1.221369028 -0.03307357803 1.40536201 0.505410552 0.9969530106 0.04270699993 3.842704296 0.5822717547 -0.2133690119 4.739997387 -1.108332396 -4.341104507 1.013982892 1.745677352 -0.8854291439 -3.805637121 -1.086992979 -2.246096611 -1.681402564 -3.298609018 -0.7570511699 1.785268426 -0.5860558748 -1.44408834 -0.4864618778 -0.4342582822 0.6867738366 -0.8416398168 0.3359873593 -0.08000987768 0.807461381 -1.12168169 0.7497846484 3.307302475 2.993767977 1.507276416 0.1653150022 0.8984974027 0.05573102459 0.440171659 -3.903067827 2.492028713 0.3855498433 -3.338317394 1.602987647 1.759384274 1.34232676 -2.769730568 -2.33008194 -2.154911995 -2.244568348 -2.471884727 -3.232500315 -1.203235984 1.830091596 -3.600697041 -3.793870449 -3.361250401 -1.211017609 1.496444583 -2.034304619 -1.981253862 -0.8149350286 3.248121023 -2.524289131 -2.867743254 -1.144895792 2.448240995 1.314887404 -1.081269741 1.219211817 -1.298215628 0.05544800311 1.024415135 3.363532066 0.3997688293 -2.275311232 -1.845352054 -1.629336238 -1.645747542 -1.647241354 -1.624778509 -1.336859226 -1.541179657 -0.8083594441 -1.234649301 1.710460186 -1.603319049 1.627343774 -1.742456675 -2.038143158 2.350722551 -1.074956417 -1.152309299 0.6619848013 0.9662598372 1.19022274 1.158986807 -0.6651870608 0.9047723413
0.4869177639 0.1866642088 -0.4653703868 0.9569087029 -0.3335515261 0.0263254419 -0.8043649197 -0.6218860745 -0.7888883948 0.2568320036 -0.04829778522 -2.321699142 -0.4360562861 -0.6046836376 -0.1941503584 -1.673912168 0.9395908713 -0.07720500231 1.567900419 1.537574887 -2.791093588 -1.069667101 -1.325947165 -1.82993567 -0.9291852117 -3.330233812 0.9954843521 -3.022898197 0.117211774 -1.023395538 -1.649007678 2.500106335 0.5845894814 -0.9027141333 -0.4730290174 -0.667341888 -1.203437328 0.6447072625 -0.1942519397 -0.7428357601 1.479181051 -0.7410980463 -1.345649004 -0.9518159032 0.0444843322 1.245726109 -0.5949989557 -2.090924025 -0.0002269999968 -0.1111520901 1.157093763 -1.742904782 0.2447729409 -0.09594339132 -1.092231512 -0.9842874408 2.544341087 1.604296565 1.662912488 0.6941851377 0.2420666963 -0.3069823682 1.650715232 2.744374514 3.437515497 -0.7642170191 1.528405786 2.922932148 0.8653104901 2.574335337 2.966096401 3.023351192 0.8965871334 -1.854274273 -1.464047551 1.555855274 -1.775797009 -1.123728752 -1.722199917 3.836750984 2.051327705 0.4526356161 1.654082656 2.073339462 1.96409297 -1.167925239 -0.8438075185 -0.4052122533 3.284540415 2.091426849 1.998265862 1.900675893 2.00840044 1.97866714 1.647100329 1.916242361 1.084086061 1.496144772 1.937386751 3.145451784 0.7563590407 1.787294626 1.933775187 0.1947858632 -1.524159908 -0.4277620614 1.213306904 1.185476899 0.9887490869 2.224687815 1.125647664 -0.4803683758
-0.6208972931 0.1869886667 0.01794996113 3.737207174 0.2940509915 0.2737221122 0.3578034043 0.7590976954 -0.9976834655 -1.814020753 -0.5512157679 -0.5818223357 -0.8930553794 -0.1520495564 0.187116757 -0.5978286266 0.6210022569 -0.1557669938 2.98076582 -0.5071733594 0.3479133248 0.4877904356 1.091265798 -0.7456257939 0.6133255363 -1.202957273 -0.1941672564 3.142966509 0.7067342401 1.443353653 0.6312658191 -2.823273182 0.1955589503 -0.2250162214 -1.152222276 -1.661041975 0.1267612278 -2.09724617 0.3058104515 -0.7597213387 -2.147726297 0.1177011505 2.745717764 1.01730752 -1.730401278 -0.8056957722 -1.149333119 1.201709628 -0.09645400196 2.080580473 1.150126696 0.3875244558 0.4239212275 -0.8196963668 0.72021842 1.783049464 -0.7268876433 -1.278187037 -0.4737039208 0.8726890087 0.4323300719 0.5470113754 -1.234992743 -1.075948 -1.347514749 0.8923872113 1.088669181 -2.255358219 -0.6453185678 -1.703940868 0.2581496537 -0.7523058057 -2.468239307 3.317546606 2.569933653 3.988045692 -1.244124532 -1.96010375 -0.9332805276 -1.621766567 1.316613674 0.8498458862 2.209728956 2.581049442 0.01186771411 1.291069627 0.8960232735 1.6326406 0.9794403911 1.89650166 -1.456796169 -1.615097046 -1.315137982 -1.350535512 -1.418866873 -1.563298345 -0.654097259 0.1633636206 0.4137845337 1.063706875 1.837321639 -0.4653565586 -0.6228413582 1.091843486 2.447341919 0.1193171591 0.8931288123 -1.594181538 0.3375194967 -0.6720092297 -0.1533822715 0.2264075279
0.5841006637 0.4187765718 0.4967657924 0.5256770849 -0.1256950796 1.463588595 0.2948783636 0.9449775815 0.4643654525 2.244735003 0.1931058615 0.4506610334 0.4080585539 -0.555865705 -0.9644472003 0.6625729203 -1.240437865 0.1785639971 0.05553457886 -0.386048317 0.8510355353 -0.4098524451 1.045103669 -0.08410397917 -0.5355303288 -1.598122478 1.033235312 1.805093169 0.6234672666 1.606456041 0.8835747838 1.449247003 0.3860604167 -0.2190853357 1.933185458 3.792892456 2.127024889 2.405665874 1.886404395 1.947566152 1.839692473 1.6111058 1.716095567 -1.409301877 2.755625486 1.044362664 0.3115703166 1.917738438 -0.156960994 -1.36531961 2.256830215 2.345838785 3.162021875 1.801653981 0.9231690764 1.799387217 0.4243161678 0.2697684169 -1.639069438 2.17056942 1.476989508 1.712254047 -2.066398621 -0.5857999921 -2.345271587 -1.856448531 -0.8922403455 -0.6589266658 -3.063219547 -1.995728731 -1.007266045 -1.167185664 -1.693428636 -1.679256558 -3.457400322 -1.982917786 -0.2489809096 -0.7992349267 -0.006353088655 -1.16136992 -1.278269529 0.6580181718 -2.204791307 -2.735488653 -1.067305088 0.4785318375 1.336652756 0.1608540565 -1.87523222 -2.192320824 -0.2816771567 -0.3560576439 -0.3192777932 -0.3381352127 -1.828958392 -0.3015641272 -0.08417725563 2.404336929 -1.015704989 -1.754355669 -1.241427302 1.376164198 1.646223783 2.901573896 0.2254993469 1.243030787 -0.7401273847 2.315800667 0.6354068518 -0.9611390829 0.5171809196 -0.7658975124
-1.355455518 0.9805918932 1.179477096 0.8349753618 0.6687571406 0.0005398798385 2.501205206 0.06890565157 1.908658147 3.968232393 0.2079935223 1.574799895 0.2509626448 1.103191853 1.053950548 -2.730592251 -0.3513438404 0.06107499823 -1.796952009 -0.5820109248 1.258511424 -5.51571703 -0.139933154 3.815501213 2.803215742 2.66682601 -0.1906906366 -3.185887337 -1.350941896 -1.306806803 -0.9708422422 -0.8628258109 0.1232990175 2.966917515 2.524612188 3.738472939 -1.924812913 3.480517864 -1.380450606 -1.279542089 2.968415022 -1.024318099 2.820825815 0.9927167296 -0.1063503027 1.487077236 -1.09105444 -1.048363805 0.07710699737 -2.253218412 -3.071631193 -1.255481362 -0.8434036374 1.759841084 -0.9280086756 -1.126897573 2.864590883 2.303470612 1.801036 0.3860324919 -1.411410451 -1.187157035 2.435353041 0.9132279158 3.711660862 -1.519049764 -0.6270639896 -2.174512863 -0.9427019358 -0.509141922 -2.54878974 0.6105912328 -0.9626915455 -2.538822889 0.7577856779 -0.5277128816 3.171051264 3.549659729 0.1261001378 5.207845688 -0.3947497904 -0.6254248619 0.2432578057 -2.144217968 0.7771814466 -1.260814786 -0.255958885 0.7650537491 1.983648777 -1.512847304 2.045633316 2.491986752 1.755270243 1.778035402 1.750543475 2.091155052 0.8756255507 -0.6484705806 2.198976278 -1.004684091 -0.6635540128 1.716964245 1.961123347 -0.7291688919 1.610345006 1.333988309 1.377312422 1.495184183 2.604953289 1.085741878 0.6567382812 -0.5013373494
0.04587337002 0.1481952071 -0.3057809472 -0.02291620336 -0.3953817487 0.3168261349 -0.9382030964 -0.02903447859 -0.5134567022 -0.1156952158 -0.4782049954 -0.3727552593 0.3974507451 0.4323064387 -0.3809954226 -0.4875547588 0.43399629 0.0436119996 0.7232043147 -0.3459894359 -1.000186205 -1.625480294 -0.02732838318 -2.044948578 -0.8204820156 -2.47753334 0.219401449 -1.121029973 0.9806604981 -0.1814513206 0.3388030529 0.4533519149 0.7577696443 -2.194001675 0.7210698128 0.2462757081 1.65475297 0.4318867028 2.053089142 0.9860576391 1.476878047 0.7363253236 1.023224354 0.004827979486 -0.1239958405 -0.2829416394 0.07925765961 1.526199937 0.1612630039 1.58211875 -1.640341997 -3.182221413 -2.570671797 -1.593764186 -0.902877152 -0.4292802811 -1.052127361 -0.6916481256 -1.930219293 -0.231270954 0.5960547328 0.6902899146 1.139650702 1.330758691 1.602826834 0.9099540114 0.540178597 1.842566848 1.092620015 1.029069066 1.243919253 1.748242497 1.292391777 -0.7541514039 0.02433781698 1.052119613 1.310980797 0.7185200453 1.832276821 1.721248627 0.6460729241 0.9180639386 0.3684579134 1.171861887 1.000439405 1.279726386 0.7867219448 0.9204367399 0.3242622316 0.8068396449 0.5637555718 0.5974851251 0.6037909389 0.7568724155 0.7541106343 0.4626886249 0.4671261013 -0.7586365342 0.4665678144 1.329569817 0.7876761556 0.7841972709 0.950165391 -0.5667459369 -0.05120275542 0.975259304 0.7609614134 1.13274014 0.4891708195 -0.1834087819 0.6903918386 0.09186921269
-0.4386588633 0.1384128779 1.077645779 0.3123326302 0.4934794903 1.178427696 1.551363945 0.2675828636 1.400515795 2.828594446 1.067701101 -0.1367601454 0.7631974816 0.8106526732 0.6191301942 1.954773307 0.3902210295 -0.1199859977 2.855201006 1.371523738 1.063511968 0.06302811205 -2.049562693 0.0283787623 1.449298382 1.571531773 -0.4073987007 -1.659857035 -0.5530216098 -1.232707262 1.424239635 1.306938648 -0.1612623483 1.569412947 1.019843459 0.681743741 0.9715269208 -0.3247108459 1.67155242 0.7581371665 1.954827189 0.8358391523 -1.053008556 -1.044279099 -0.8710169792 -0.5845224857 -0.03318634629 1.320595622 0.135405004 2.057753325 -3.395799398 -4.050098896 -3.128386021 -1.760170937 -0.88494277 -1.461198688 -1.535924911 -0.06881727278 -1.380839109 -0.8189032078 -1.172172785 -0.846996069 2.064273357 -0.0340064317 1.111337066 0.7395945191 0.868221879 -2.887194395 -3.759728432 -2.925998926 -4.439763069 0.578933239 -1.125849247 -3.46761322 -3.238777876 2.588205576 1.157244325 2.495421648 1.480648994 -1.332666397 0.1025564671 -0.3203430772 0.0848691836 -2.397883892 -0.001364561031 0.9241364598 1.939292669 1.778661251 -1.020926714 -1.594935656 0.6619360447 0.4197586775 0.7404159307 0.6304291487 0.8746045232 0.4943840802 0.5507854819 0.7743322849 -0.9695172906 -2.563971758 1.153598309 0.6789842248 0.3288051784 1.341118693 -2.3579638 0.5417079329 -0.3248068988 -1.434077859 -0.03550809622 -1.819635749 0.4117367566 0.1527777612
0.7824480534 -0.2609832585 -0.3096699119 0.3240639269 -0.1132567972 0.3455223441 -1.248107791 0.6559678316 -1.660325408 -1.711189985 -1.708403826 -0.1893829107 0.1890428513 0.5760591626 1.018721104 -1.278599024 -0.1165657118 -0.1194870025 -0.121782437 -1.695465326 -1.269180536 -4.221076488 1.172904491 -2.18689537 -1.815784812 -3.380874157 0.5293539166 1.603937268 1.85800302 1.524207711 0.1750710309 1.989158154 0.5573430657 -3.078554153 -1.393076062 -1.420444131 0.6805066466 0.4035874605 0.7894653678 -0.6404189467 -0.4355481267 0.3292239606 0.0335252136 -0.3859770894 1.063121676 0.7512297034 0.3542667925 2.56224966 -0.1493230015 0.6866533756 2.491813898 2.216495991 2.909118176 1.623604059 0.866941154 1.368769407 1.14871645 0.8559545875 1.503293753 0.5221310854 1.965726018 1.577076912 -0.533912003 0.2728048861 -1.378063321 0.142610997 -0.1240226328 1.361430407 0.3986686468 1.495787621 3.051752329 1.2105726 1.303787827 0.3328147829 0.9113453627 -1.488376498 0.670078814 -2.543791533 -0.891297996 1.732733846 -0.5465227365 1.377995372 0.9432883263 1.656720757 -0.6627098918 1.447805882 0.6631100774 0.2473046333 1.119436979 1.059165955 -0.8384382725 -1.15349853 -0.9694395065 -0.8390567899 -1.295194268 -0.8308539391 0.06729100645 0.3205545545 1.390088201 1.945429802 0.7185650468 0.8397340178 0.9645172358 0.5387634635 -0.8373256922 1.396375299 0.9679100513 0.8710870147 1.862845063 1.536587358 0.6719309688 -0.7348261476
2.704119682 1.851668954 1.071494341 3.116239309 2.048626184 1.608263731 0.9098781943 1.753513575 -0.1985043883 -0.7172995806 0.1258143634 0.4737526178 -0.6584217548 -0.7156275511 -0.7166330814 -1.59388411 -0.577822268 -0.001582999947 -2.299151659 -1.355598211 1.571318269 5.29442358 1.786048651 -0.2666445076 1.597200155 0.4588288367 1.256586671 1.698795438 0.8004171848 1.789931059 -1.283803105 -2.866204262 1.039485931 1.480160356 -0.3831169605 -1.532615304 -2.508257866 0.09938145429 -1.959524512 -3.021897316 -1.370592594 -0.5617290139 -0.4323840141 -1.446320295 3.111899137 -0.4409559071 3.331965446 3.053947687 0.08133400232 1.701053143 2.685716629 3.356387615 4.420371532 1.553752661 0.900105834 1.219014764 1.6902982 1.005325079 1.678085208 0.495528996 1.221646667 0.904101491 2.172292948 2.405715704 3.139742613 -1.576277733 -1.357143402 -0.2705731094 -2.833609819 -3.020693064 1.973786235 1.409114242 -2.544059277 -1.638608098 0.8108586073 -3.618673801 -2.367921829 -0.4135746956 -1.175621748 2.42553401 -1.588922024 0.6445194483 -1.233058929 1.281401873 0.7465616465 2.279680014 1.926023006 0.6226142645 0.2451501042 1.376418233 -1.005648494 -1.259568691 -0.9196983576 -1.003319502 -1.864139199 -0.6945157647 0.1802500039 0.8588621616 -2.063480377 1.927399278 0.3983726501 1.49344933 2.630640745 2.846720695 -2.420169353 -0.7349049449 -1.809362173 -1.736903429 -1.091438055 1.602386951 1.197051167 -0.07415595651
1.300435185 2.050765514 0.620998919 3.355016708 0.318957448 0.8511315584 1.353665948 3.346306562 -1.07294488 2.711081743 0.06144432724 -0.6907960773 -1.01589632 -0.37977916 -3.760917902 -4.015393734 -0.413837105 -0.05062799901 -0.2458982319 -1.80652082 3.011357546 3.9489851 0.07060489058 1.070671916 1.755922794 0.8354344368 0.7404959798 -2.264202356 -1.141032934 -1.173578858 -1.950778365 -1.464345932 0.4494012296 2.610589027 1.975734115 4.176815033 2.472687006 2.999557495 1.599762082 3.211234093 1.566432238 2.122431517 3.801804066 1.214707613 3.270817757 -0.3087929189 0.6266276836 2.757716179 0.08375400305 0.5673604608 -2.749458551 -3.813337326 -4.806944847 1.57783556 -1.202498674 -1.453162551 -2.044038057 -1.238211393 -3.872392654 -2.260008574 -2.878712654 -1.314183474 -2.762167215 -3.573889971 -3.280184031 -1.720059276 -0.4742102325 -1.431195736 -3.284219742 -3.837090015 5.212940693 2.857463837 -3.948209524 1.3328861 1.350408673 1.051182032 -0.6878518462 1.529575706 -0.3475093246 4.271351814 -0.5229225755 -1.487687111 0.423101604 1.908732772 -1.333646059 1.914716125 2.494733572 1.521584868 0.0752633214 1.40541482 -1.680251479 -1.661153555 -1.749719739 -1.719139457 -1.694571018 -1.534194469 -0.8439179063 1.402002335 0.608282268 2.620934725 1.209916234 -0.1575905383 0.7869125605 2.931622028 1.538160324 1.261324644 1.219611526 -2.619209051 2.401108265 -1.675464988 -0.1069546193 0.03215549141
-0.7126318216 -0.2047198862 0.8528760076 -0.4752744138 0.7801337242 0.01754058897 1.922518253 0.02584715933 1.591060281 0.3263912499 1.8785671 -0.7022774816 0.3697679937 -0.1589597613 0.0128224548 1.541080236 0.139289245 -0.09319099784 1.051372409 1.759289503 2.695788622 6.984683037 0.5877535939 2.927441359 3.596421242 4.070318222 -0.3894658983 3.776409864 -0.4740361869 0.9096958041 0.4034531116 -3.978713274 -0.2411006093 2.765481234 -0.3296631277 -3.359068632 -1.837796092 -3.462982655 -1.769304872 -0.9511576891 -1.752625704 -0.6396294236 -4.329345226 1.087062836 -1.901829243 -1.709653378 -1.615207195 -2.568519831 -0.1014520004 -1.036123753 1.148390889 1.095683932 1.688184619 -0.02425879613 0.8018996716 2.055585861 -0.494456321 -0.09983599931 1.158630967 -0.6312932968 -0.7169320583 -0.7916346192 2.525960922 3.45123744 3.476195574 0.8346244693 0.433752954 -1.05732131 -0.1271061301 -0.2101477832 -4.851819515 -2.456125736 -0.195642218 3.707988262 0.9708184004 2.004839897 -1.665467858 -0.8162596226 -2.657258034 -2.719664574 1.272479057 -0.07050406933 -0.8587305546 -1.468096495 1.099808931 -0.6054531336 -1.246253848 0.1014338508 -0.4726058543 -1.07248199 -0.6816852093 -0.6075584888 -0.3555371463 -0.3940350115 -0.4855364263 -0.7178575993 0.1767295599 0.2344076931 -1.612545729 -2.574383974 -1.113515615 -0.6164323092 -0.4172174335 -0.630946219 2.393011808 0.1803193241 -0.9223821163 -0.2221715748 -1.813264966 0.1890256852 0.1269021928 0.1506314278
-2.259675264 -4.147467136 -0.1851857305 -3.926837444 -0.3387338817 -1.347072601 -1.201253176 -1.276448846 -3.010283232 -1.065761924 -0.05063233525 0.1950198114 1.420256019 0.7368788123 0.7018276453 2.30838418 0.6343142986 -0.1003480032 1.733927369 1.520934105 2.080254078 -3.422232151 2.872471809 -0.1938843578 -1.202020884 -0.908218205 0.712829113 1.194191098 2.137595892 1.607564211 2.524229527 3.23815465 0.06100990251 -3.320962667 1.034964681 1.231996417 3.063314676 1.022507191 2.567472219 3.100204945 1.631102443 1.07733357 0.7274851203 0.8797190785 -2.648439169 -3.162311792 -2.463060617 -2.880210638 0.0102660004 -0.8981723785 0.496920377 1.506001234 1.116213441 -0.3006177545 0.7531876564 1.140928626 -0.3571860194 -0.142731145 -1.454649925 1.67131567 3.374930382 1.458557248 -2.660418987 -2.057952881 -3.667428493 0.7247697115 0.6180729866 -0.3030816913 -0.5631548762 1.743064165 2.202890396 -1.395782709 -1.16620934 1.038734198 -1.068961859 2.661935091 0.7505093813 -1.307136416 1.715529084 -0.8572868109 0.8842834234 2.854103804 0.9692953229 1.824225783 -0.5667151809 -0.9039182067 -0.8273047805 0.6953245401 -1.715715528 0.365799278 1.241172433 1.533811808 1.365730882 1.385718346 1.86630559 1.072768927 0.5846007466 0.7155162096 1.324759841 -0.6141561866 0.8099966645 -1.547106981 -2.577384949 -0.9154034853 1.466252685 0.3096058667 1.391281009 -1.62559557 0.4967390597 0.3165222406 -1.07689321 0.06600515544
-0.1425361186 1.049437523 0.8052887321 0.170230329 0.4145755768 0.5169453025 1.828292012 0.06349635124 2.05066514 3.7286551 0.6870737076 -0.5538215637 0.3164935708 0.1413544267 -0.1553909034 1.089471459 0.2399784625 -0.1067439988 -1.652302146 -1.598036289 1.339520454 3.4839499 0.06121123582 1.811394811 2.841505527 4.258000851 0.1092550531 1.850930095 -1.324265242 0.5988944173 0.5048717856 -2.933488846 -0.4052082002 2.668152332 2.910220623 4.128796577 2.103781223 1.796470761 1.893003345 1.756929994 0.7323591709 1.999735594 1.381930709 -0.08171267807 0.1472788602 1.677973747 -0.04693245143 -0.7753216028 -0.1375820041 -2.725208521 3.318441629 2.522487879 4.129065037 1.88993299 1.232123375 2.233428955 1.006591678 0.7301707268 0.4408650994 -0.9126556516 -1.523438215 -1.259847879 2.440955877 1.985621095 4.319778919 -1.753367662 -0.07528807223 -2.004802227 -1.77604568 -0.9566753507 -3.819246531 -1.226627707 -1.194771528 -1.511803031 -1.192557454 -0.6371421218 -0.6359575987 2.041592836 -1.009444475 -0.0302608218 -0.7960081697 -0.8402727246 -1.973319054 -1.264198422 0.07030842453 -0.7385119796 -0.4466721117 0.1930920184 -0.1257300377 -0.6795396805 -1.299274802 -1.283098698 -1.380242705 -1.344887376 -1.214909315 -1.244867325 -0.5787222385 0.3460677266 -0.0663536936 -0.4191975892 -1.441292167 -1.308498383 -1.011527181 -0.8177776933 -1.05442667 0.7014143467 -0.3184290528 2.708474398 0.314591527 1.083875895 -0.8557468057 -0.8552961349
0.8333524466 1.702207923 0.5515741706 3.181170464 0.6036098599 1.273622155 1.746012092 1.558885813 1.678769708 2.170410633 0.924434185 -0.001673202729 -0.4879877567 -0.354914695 -1.86633265 -2.022706747 -0.5984165072 -0.1301040053 -2.206126213 -0.5168678164 -0.3947863877 -0.4141224921 -0.7230449915 0.1653082073 2.384102821 0.7568024397 -0.1558767706 2.995431423 -0.8079504967 1.203798294 0.01567385159 -3.116117239 -0.1230649427 2.235748053 2.460784197 3.446432352 2.564178705 -1.17308116 2.223148108 1.338580132 1.542671323 2.361445665 -2.834264517 -0.767210722 0.6152796149 -1.219377756 1.455738783 0.142160207 0.0931679979 -0.4161180556 -0.3725173473 0.7408372164 2.315349579 -1.45112431 0.4290831089 2.765752077 -1.040798187 -1.552862167 -2.479299784 -1.071539044 -1.48993206 -1.277826071 2.696871519 3.040806532 3.680426121 -1.167271614 -0.8708919287 1.698275328 1.359335899 2.520395517 0.9404198527 0.329249531 2.317099333 -1.690899134 -2.374712467 -3.110821486 -1.390300512 0.2582065463 -0.02126716636 0.4244407713 -0.06260020286 -0.7970662713 1.815553069 2.490095377 0.6573773623 0.05658743903 -1.035159588 0.5394859314 -0.549477458 1.928975582 -1.237925768 -1.391354918 -1.180270672 -1.299310923 -1.043561101 -1.196665168 -0.4584086835 -1.139626861 1.372186661 2.145123243 1.101812363 -1.111954331 -0.2162804902 1.370893955 -0.448754549 0.8346934319 2.248772383 -2.215451479 2.29367733 -1.512478471 -0.3470959067 -0.5328078866
1.071431279 0.821995616 0.7432898879 1.387190223 0.1911743134 0.3774001002 1.657160282 0.5220708847 1.483765841 2.651772976 0.4574553668 0.7129021883 0.3192950785 -0.3417761624 -0.9892097116 -1.841486931 -1.19523716 0.100293003 0.608931601 -1.07143867 0.5362851024 -0.8163481355 -0.2370656133 0.7483894825 1.514031291 0.1648807228 -0.1867499053 -2.932121754 -0.8938061595 -0.3800396621 -1.831576705 2.296972036 0.2793874741 2.346943378 2.767429113 2.760076284 2.015058756 4.280581474 0.9833177924 1.76380825 3.364541292 1.832449913 3.306598902 0.7931799293 0.8951181769 -0.3675892353 0.8859344125 1.659784675 0.1134750023 0.1400864422 -1.908172727 -2.030794621 -0.1883112639 1.265718579 -1.012962937 -0.997089386 1.35132122 2.509220839 1.308012605 -0.3782346547 -1.371132374 -1.133507609 3.06973362 1.798312426 3.25406146 -1.583562851 -0.9095804691 0.2557902038 -0.3575499356 -1.208963037 -2.347769737 1.420072675 -1.128958106 2.402621269 1.634888649 -1.244959354 -1.60881567 0.357963562 -0.7138476372 4.896671772 -0.8897680044 -0.4778094292 -2.176721573 2.410310984 0.8230800629 -0.235327825 -0.1010706201 0.346945405 1.50472343 1.745605707 1.842371821 1.964629531 1.595281959 1.577699661 2.301771879 1.922344804 0.6457287669 -1.250866652 -1.36924243 0.7817383409 -0.6288924217 -0.7606395483 -1.200934768 2.019543171 1.050679803 0.6953426003 -0.6173360348 -0.3366469741 -0.4081220925 0.5857593417 -0.2798074484 -0.2703124583
0.4647285938 1.051282644 1.074692488 1.180402637 1.897938848 1.521251321 1.11876893 1.768042564 0.53972435 -0.5803457499 1.470653296 -0.6005495191 -0.3373034 0.9136850834 1.745784998 1.748759508 0.4057349563 -0.1225790009 2.295089483 2.869355202 1.176977873 0.136962533 2.35834074 1.686420083 1.890504122 2.967672348 0.9497230649 3.093213081 1.070669889 1.38202548 2.756827831 1.848728776 1.025813699 1.397631049 -2.007753849 -2.819919586 -2.146866083 -4.331602573 -1.903502226 -2.062915325 -2.939427137 -1.469838023 -3.527958632 -0.7365780473 1.481790781 -0.3284285963 1.183549404 -3.888158083 -0.0964410007 -0.6292303205 1.835040569 0.7581800818 1.672340989 -0.9448102713 1.433881998 1.545554757 -0.712726891 -1.752937913 -1.014263749 2.261605501 1.831094265 2.032147884 -2.75448823 -2.510735989 -3.624529123 0.8481079936 0.8324661851 1.557411909 1.338721395 0.8811479211 5.695551872 -4.280799866 1.990264535 -2.339679956 -1.330767512 1.393733501 0.7740358114 0.1331779361 0.3453906178 -2.079939842 0.7175510526 1.131816983 -0.8207736611 1.393566132 -0.8378049731 0.1600702554 -1.444885254 -1.058997154 0.5129070878 1.655762672 -1.613911033 -1.784052372 -1.306808472 -1.190511107 -2.627697945 -1.732305765 -0.6775871515 0.1652105004 -1.888348103 1.850991368 -0.8859915733 0.8875290155 1.374299765 -0.3400682211 -0.8742992878 -0.4147595167 -0.6063923836 2.075912952 -1.995289803 -0.04251996055 0.9129579663 -0.6992030144
0.08403120935 -0.1237552539 0.7239024043 -0.353186965 0.4856409132 -0.359100312 1.354371786 1.346217871 -0.8782039881 0.7373700738 -1.090081334 2.506837845 1.273231745 1.234166861 0.6234190464 0.4349439144 -1.709216118 0.182396993 1.158671498 -1.518116951 2.514775991 3.041620016 1.639667034 3.197471857 2.679863453 3.455462456 0.2333894819 3.956515551 -1.232890606 0.4494294226 -0.5856134892 2.092223883 0.2414307147 2.945293665 -2.815326214 -2.344162941 -2.345355511 -2.594238043 -1.771485806 -1.428791642 -3.685729742 -1.119420528 -0.6232437491 1.049268603 3.071660042 0.4577303529 1.074995279 2.778059483 0.06026700139 0.9661380053 2.543224573 0.4649826586 2.124205112 -0.2929032743 0.9593755603 1.76930964 -1.019726038 -1.091923952 -0.4589647949 -2.265501261 -2.444623709 -2.008027554 -2.420092106 -3.408108711 -2.527197123 -0.7595837116 -1.41394043 -2.876325607 -1.503474951 -2.912402391 -1.520994663 -3.729600668 -1.882369041 2.760555267 2.333107948 -1.066237569 2.060985804 1.746063828 1.206670046 -2.224878788 -1.362251759 -1.055020452 -0.04780489206 -3.114144564 -0.9862143993 2.124510288 2.51158762 1.881571293 -4.065051079 -2.560438395 1.710974097 1.871233702 1.594100475 1.711353779 1.38677454 1.736928463 0.7099820971 0.6048985124 -0.82170856 -2.477331638 0.6478751898 1.290212393 0.7631770968 0.9945363998 0.5613761544 -0.8359633684 -0.9663697481 -1.151316762 0.8837166429 -1.026298046 0.3011592627 0.1382962465
0.07717970759 -0.3035189211 -0.4069493115 -1.330905557 -0.6441758871 -0.2128089815 -1.011255383 -1.27938652 -1.446830034 -0.08120216429 -1.794342041 0.5686326623 0.5820091963 0.6921476126 0.9981443882 0.6083656549 -0.6674734354 0.06079600006 0.1455317587 -0.4645676017 0.3644585907 0.4762377739 -0.4097035527 0.5510298014 -1.058732867 0.1339570433 0.2928195 1.206863642 1.439688563 1.333659887 0.3209777474 3.182268858 0.6063870192 -2.463115931 0.6592328548 -0.1042200178 1.525013685 1.28476131 1.943123817 1.976127505 -0.08958102763 0.7875345945 1.672533989 0.8778654337 0.4923722446 -0.2716192603 0.2799373567 2.368438482 -0.05238100141 1.178956151 1.644827127 1.999028444 1.84059751 0.6974774003 0.9956182837 1.320319295 0.594953835 0.4898186028 0.2309641391 0.7081510425 1.690124154 1.542670727 -1.958657622 -2.12216568 -1.490543485 -0.249081403 -0.5324742794 0.667730391 1.400911808 0.4568787813 3.28456831 1.359086752 0.9208488464 1.5933671 1.287265897 -2.779337645 1.948729873 0.7970372438 1.539693356 0.5749604702 -1.220105052 1.668349743 -1.436670303 1.556137443 -0.6851781011 1.32962811 0.6900820136 0.1602573991 0.6363547444 1.119362473 -0.1432826668 -0.1536698788 -0.3422231078 -0.3139580488 -0.4639286995 -0.0813941434 0.3277894855 0.8354772925 -0.5970626473 0.7467351556 -0.08553797007 0.679241538 0.9305139184 1.149037719 0.9215724468 1.018500447 -0.73241961 0.5853483081 0.5458929539 1.006936669 0.8648568392 0.07955391705
0.9465382099 0.9067893028 1.110167265 -0.1257643849 1.563212156 1.654215813 1.179634809 0.892917037 1.057694554 0.9780209064 0.8918011785 2.054379463 0.9939817786 0.8596522212 1.340530992 1.499553204 -0.7239328623 -0.1112779975 0.6812236905 -0.1888438761 1.688325644 0.4111305475 1.502658963 1.176079273 1.58639431 3.565921068 0.5474252105 2.738137484 0.7825607657 1.578100204 2.459082603 -2.116969585 -0.765422225 1.079016566 -0.7840052247 -1.017421365 -2.440148592 -1.91234374 -2.365396261 -2.447045565 -1.592243314 -0.5641031861 -2.857789278 0.5941623449 1.568225503 -1.773561954 1.813274622 1.714536667 -0.1224479973 -1.579578519 -0.6554540992 -1.122805238 1.890178442 1.651400566 1.515276074 2.710872889 0.3827374578 -0.3160739541 0.6462696195 1.840116024 1.696875691 1.749790072 0.9730825424 0.4194218814 1.651272655 0.8691059351 -0.381434232 1.261974931 1.966777205 2.325662374 -0.02564409748 1.481497645 3.080618858 0.2816999555 1.879427791 -3.539358854 2.655574083 2.278302908 0.7148404121 0.4970835745 -0.7199590206 0.9794490933 1.500705004 -1.577573061 -0.2018183768 -0.2484377772 0.7049717307 -1.326325417 -2.289116859 -1.491316915 -1.55306077 -1.329107165 -1.418100953 -1.519446492 -1.050759077 -1.389711142 -0.7216310501 -1.404098272 2.28926897 -0.4467343092 1.007869959 -1.455693722 -1.563488722 -4.180685997 0.6814914346 0.976860702 2.075192213 -1.857500553 2.668612957 0.4815053344 -0.9632707834 -1.53843534
0.7693973184 -0.3377152681 -0.9184409976 -0.3442046642 -0.9725798965 -1.349868894 -1.976804972 -1.073647618 -2.726369381 -0.3883135021 -0.3085314631 0.05736229196 -2.412545681 -0.6197544932 -0.02507128567 -1.11060369 0.04191702604 -0.1662320048 -1.729844928 -2.509993076 -2.668812037 6.019682884 -2.138747215 -4.637335777 -3.067100048 -3.615213394 -0.4794844389 4.408054829 -1.06607306 1.115875483 -1.247057319 3.110977411 -0.2839954197 -1.684703708 0.5319083929 -2.334740639 0.7629010677 0.8618196249 -0.2204134911 0.3371692598 0.1427797228 0.5665399432 -2.091398001 1.1132617 1.870464325 1.011105776 1.327345371 2.717433929 0.05524799973 2.043668032 0.2983012795 1.655920148 -0.2601635754 0.1371152848 0.8359295726 2.071075916 -0.02833402529 -0.001419425476 0.3851171732 -3.462877274 -2.784684896 -2.265245914 2.706274748 2.420402527 3.333910465 0.7974620461 -0.7161402702 2.750900269 3.30590415 -1.538524866 -1.433437824 -0.1192342564 2.72675252 2.486949444 0.5458227992 -3.318408251 -1.847397923 -0.5781827569 1.187881708 -2.245787144 -0.4035736322 -1.432332993 -1.134992242 -2.526507616 1.480470657 1.346222281 1.25941658 -0.433529973 -0.2991944551 -2.190711737 1.31327486 1.377318144 1.362069964 1.380903244 2.733663082 1.256811976 0.7707434297 -2.497639656 -1.136870503 -2.204897404 0.1820631176 -1.324206352 -2.477323055 0.197021693 2.211212158 -0.4751537442 -1.889387131 2.752527714 -0.3188894689 -1.243944407 -1.541311264 -0.4204277992
-1.608845592 -0.8708973527 -1.087633967 -3.388906479 -1.65996623 -2.4765172 -0.5151690841 -1.53147018 -0.337492317 -0.08217570931 0.0001976279309 0.5617025495 -2.458088875 0.125207454 -0.003056060057 0.5015394688 -0.9844986796 -0.1294029951 1.341595292 -1.244976282 0.3446184993 -3.139821053 -1.305962801 2.611737251 -0.2574029565 -0.4068808258 0.04803544283 1.391866803 -0.06321051717 1.266511679 -2.519764423 3.849444866 0.008462321945 -0.8094453812 1.69528687 1.28806591 1.252765298 1.02634263 0.3048368692 2.242850065 -1.795632005 0.6593168378 -0.2699024081 0.9963793755 -2.134079695 -2.364735126 -2.653377056 -1.752064347 -0.1319960058 0.279060483 3.271636486 3.231267214 2.72766757 1.781978726 1.234267831 1.529946208 1.719107151 0.8641964197 0.7487979531 -0.8076332808 0.1818532348 -1.379508138 -2.784506321 -1.259122729 -1.429522157 0.9977474809 -0.1675401926 -0.09840341657 3.328660727 0.1906127036 -2.551493168 0.6741147637 3.770467043 2.097653389 -0.7416226268 0.8224999309 -0.8767595291 -0.871555686 -1.513917089 1.024542689 -0.2160733342 -0.1156480387 -1.254611254 -2.651240826 1.266841531 -0.3382754028 -2.364728451 -0.8754165173 -1.220443964 -2.028780937 1.826478958 1.849914789 1.793663502 1.767132163 1.625587225 1.604887128 0.8356326818 0.6404188871 -1.202807784 -2.216180563 -0.7516186833 1.928231239 1.064767003 -1.381754756 1.354823232 0.8423607945 0.1281888187 -0.1668249369 -1.005468845 1.551706553 0.152357161 0.1798343211
0.2945385873 -0.0357696414 -0.1129853353 -0.4968177974 -0.09318698943 0.2365474701 -0.7599357963 0.8167892694 -0.755094409 -0.3909920454 -0.5927687287 -0.7985204458 0.7953135371 -0.2072558254 0.4450926483 -0.9500485659 0.104042843 0.1451970041 1.68426609 -0.7867876291 -0.4194787741 -2.658294678 1.117722154 -1.896259427 -1.060667038 -3.035701752 0.4369928241 0.881444633 1.252376199 1.315676212 0.07553827763 1.946567416 0.08618442714 -2.871749878 0.4995030165 -0.2646481693 1.583961964 0.9801238775 1.135489106 1.698907256 -0.06401709467 1.04114902 1.467020273 0.6472389102 0.1942486614 0.1702191383 -0.774926424 1.602449298 0.04883899912 1.321546793 2.320301533 -0.4449035525 2.06901741 1.255850315 0.807862699 1.035138369 0.5797057748 0.8323822021 0.5530344248 -0.05097109079 1.46361506 1.194826484 0.2631435096 1.726101518 1.61581552 0.7540702224 0.09803523868 0.566334188 0.3598107994 -0.1676641703 -0.612791419 1.24149859 1.44268012 2.15297246 1.114246368 1.764830232 -1.304669619 -2.225278616 0.5388528109 0.7573196888 0.8135475516 1.322927117 0.6294155121 -2.245745182 1.145856977 1.409809113 0.9045496583 0.7041774392 -0.3487639427 -1.599126339 0.7776437402 0.7424200177 0.7657577395 0.744032383 0.8151502609 0.6697669029 0.5574354529 -1.354809165 1.47012639 -0.6580612063 0.78473562 0.9944447875 0.4992368221 -0.552775085 1.239138842 0.02491453849 0.6856397986 1.071364284 0.8635241985 0.6224847436 0.3474706411 0.03590542451
-0.1552104205 -0.4385238588 -0.3888643384 -0.0354437381 -0.1975681633 0.1881171912 -1.510127783 -0.6692473888 -0.5710956454 -2.036927938 -0.6024080515 -0.1834302545 1.916117668 0.4587432444 2.123730898 -0.6687678099 0.6329374909 -0.1768160015 0.3843295276 0.3158478439 -0.4835159183 -1.413009763 0.6459757686 -2.166308641 -2.432569981 -3.745229959 -0.01614468172 1.67615521 1.415788054 0.9275556803 0.4022605121 -0.205341503 0.3457592428 -3.323010206 -1.363830328 -3.303993225 0.8658950925 -1.963123202 1.796444774 0.6272569895 -0.590710938 0.3608420789 -0.4983907044 1.082364321 -0.1770554036 -0.8552206755 -0.01657120883 1.745890141 0.1333689988 2.302335739 1.375317812 -0.2823242545 1.567856431 0.4110912383 0.07930295169 1.157051444 0.2356981635 -0.02257624641 0.8667696118 1.000607967 1.787991643 1.749575615 1.286103129 2.044857264 1.572606564 1.497228265 0.6307268739 1.490612388 1.036852121 -0.3807583749 1.192039967 0.6183646917 0.2096439451 0.9516660571 1.045082211 -0.269641459 0.9880722761 -0.9165688157 2.204675913 -1.583972573 0.07973947376 1.273161173 -1.188589573 2.45072484 0.5643066764 1.595424533 0.9074648023 0.842549026 1.613535523 1.900086522 1.040297627 0.9507713914 1.072353721 1.068193436 1.659761667 0.8178474903 0.7186306715 -0.8999397159 -1.967104673 1.222424865 0.2259432673 -1.421367884 -1.431250811 0.2985829413 -0.3025642633 0.06076609343 0.2817840278 -0.9613338113 -1.545791626 0.3957260549 -0.6182996035 0.1637425572
-2.142957926 -2.645561218 -1.451212049 -5.235861778 -1.966358423 -1.638567448 -1.219941854 -1.567576647 2.273449659 0.9299153686 0.1044563428 -1.569375515 2.221993208 1.060666323 1.573939443 3.37701726 1.103460312 -0.04657199979 0.7616705298 2.262428284 -0.233840555 1.467745304 -3.349714041 -0.5001496673 -2.601286173 -0.6444739699 -0.6318133473 1.046709895 -0.2828217149 0.6282165647 0.3581334651 -3.280090094 0.8390925527 -2.273365021 1.223027825 1.680822492 2.947696924 -0.1042923704 2.346207142 1.674913049 2.248423576 1.11587441 -0.4755994678 -0.7466036081 -2.886270761 -2.739619255 -2.097759008 -2.105311394 -0.06081900001 0.462790072 2.187924385 2.168578148 2.246512175 1.557061434 0.2193653584 1.339959621 0.8285108805 0.05225023627 -0.212170884 -0.3243718445 -0.5375495553 -1.049503088 3.069765329 2.509143829 3.874264002 2.06692934 1.333980083 -1.037061095 -3.598233938 -1.061914206 2.272706032 0.2839948833 -2.495147228 -3.8671422 -3.321296215 2.569947481 2.374247074 2.05310154 2.12054348 -0.08691922575 0.7761810422 -0.6237858534 0.4117809236 3.456833601 1.158616543 -0.6951887012 0.1986718029 1.87056458 2.650410175 3.033076286 -1.93041873 -1.921470761 -1.704680085 -1.709141374 -2.566019773 -1.912789822 -0.6586160064 0.8395593166 -2.057542562 1.610593319 0.379959017 1.524438977 3.551886559 -0.06705511361 -2.681695461 0.9774512053 -1.579975486 -0.9722966552 -3.179038525 0.8754626513 1.134301186 -0.5636565089
0.2804169357 0.4746542275 0.07606191933 -1.023712873 -0.557644546 0.2348524034 -0.5746225715 -0.7191349864 -0.1726686209 0.1014266536 1.091846943 0.1937667876 0.2803864777 -0.004485104233 -0.4175954461 0.5941439867 -0.4673029482 -0.07009399682 0.2384488732 -0.005761228967 1.330472112 1.434058785 1.458888769 -0.8045355678 -2.293578148 -0.9347748756 0.5021700859 -3.106731176 1.118255496 -0.3950325251 -0.1289487332 3.764734268 0.1971148551 -2.075521946 0.9737406969 2.236887932 1.80456841 1.923333883 1.5626086 1.82981348 1.880964041 1.085150361 3.003658295 0.9516299963 0.4249004722 0.7382098436 0.634607017 -0.2622710764 0.1436959952 0.33750844 -1.062821031 -1.031052113 -1.217964053 0.7613017559 -0.7648630142 -1.365531683 0.6673302054 0.5974977016 -0.7737915516 2.611215353 2.153659105 1.851381421 -1.740262032 -0.3799272478 -2.343742847 -0.8075869679 -0.2548267841 1.175347209 -0.1809190512 0.2558274567 0.2456518859 1.7410779 2.037725449 -1.635342121 0.4515284896 0.1029211581 -0.3467049897 -1.318804741 1.088439465 2.690542221 1.040309548 1.168562651 -1.222796798 -0.6847935319 0.2136917263 -0.3597933948 -0.1991306245 0.3563448191 -1.04922688 -0.2485208362 1.112453818 1.22068274 1.135770082 1.055048585 1.313512444 1.204252601 0.6462729573 -0.7240355611 -0.7715967298 -0.7287048101 -0.3543825448 0.03290958703 -0.02605041303 0.1179729477 1.405387044 0.8591746092 0.8788957596 1.449056506 0.4399230778 -0.3596486151 0.4618774354 -0.2749855518
0.00424360903 -0.3377361298 -0.4113669097 -0.3321340382 0.08199925721 -0.1046464443 -0.611934185 -0.5912303329 -0.7197626829 -2.314944029 -0.6064304113 -0.7777394652 -0.1193346456 -0.4060103297 0.2627200782 -0.438065201 0.0358639285 0.0514970012 1.042355657 -0.5104641318 0.6464980245 0.6458019018 1.231252193 -0.5905770659 -0.3945938051 -0.9746664762 0.1063915044 3.270185232 1.076877952 1.653761148 0.05853809044 -2.607617617 0.08024913818 -2.323287487 -0.8454409838 -0.6737299562 -0.5897718668 -2.701870441 -0.3539225757 -0.4786419868 -1.828624487 -0.5919363499 0.3347307146 0.8712207079 -0.7792451382 -0.08852147311 -0.6519259214 -1.209231853 -0.00867700018 -1.044061303 1.460032821 0.4609476924 1.544480324 0.3966257572 -0.1912763715 1.871550322 -0.354616791 -0.3506482244 0.2890991271 1.06173861 1.31797576 1.290481925 3.02441144 2.729622841 3.156770945 -0.2926409543 0.1480101645 -1.560792923 0.204213053 -0.3945688903 -0.6873357296 -2.132032871 -1.930928469 3.584325552 2.458011627 1.737332344 -0.74189502 -1.584658742 -0.7230838537 -2.207359076 0.7509704232 1.275173903 0.9843907356 2.808136702 0.9011445642 -0.07136164606 -0.2816188633 -0.1599892229 2.60255456 2.028068542 -0.4797401726 -0.137258321 -0.5710457563 -0.497171402 0.1440404803 -0.2432621121 0.04421380162 -0.7472417951 1.027297854 2.531419516 -0.6135231256 -0.9193680286 -0.5754895806 0.2029988468 1.847404242 0.1596228182 0.8311933875 1.03737843 0.5974520445 -0.536116004 0.054824844 0.1776634157
-0.0119746374 -1.392450213 -0.8192681074 -1.107842684 -0.7450684905 -1.722194791 -0.5797469616 -1.614030719 -1.347365618 0.6680039167 -1.310994744 -0.07817111164 0.5421428084 0.8753650188 1.109601736 -0.01560031343 -0.1773559451 -0.02453600056 -2.055734158 -0.5627612472 0.3010332584 -0.6281017661 -1.378636718 1.96088028 -0.444883436 0.3966958523 -0.2874464691 -1.65396452 -0.08437695354 0.01852741651 -0.4354555309 -1.048796535 0.08178045601 0.2882695198 1.071244001 0.4776145816 0.0190457385 2.244679451 0.3681487739 0.9599665403 2.14960289 0.09949428588 1.019202948 0.7170464993 1.000144958 0.9458184242 1.051684022 1.079846621 0.09361899644 0.01075728983 0.4683816731 1.223668218 2.021392584 -0.1261052787 -0.7930189371 -0.07210662216 0.9098816514 1.167054534 1.232411742 -1.219880342 -0.4781951606 -0.8419602513 -2.51529026 -1.730191231 -1.30510211 -0.2677261233 -0.322543323 2.14525485 2.273803949 2.751461267 4.575418949 1.841468334 1.439402819 2.582824707 2.375476837 -2.387060881 2.675917149 2.321996927 1.198735952 2.165719271 -0.4577516019 -0.3442012668 0.7634545565 2.632821798 -0.5315588117 -0.04880006239 -0.9287064672 -1.132133484 1.415216565 2.029379845 -0.8985133767 -0.8300901651 -0.9870926738 -1.005992174 -0.6849021316 -0.7544867992 -0.5034264922 1.066166401 1.74072051 3.012654543 0.5740062594 -1.271807909 -0.4567333162 -0.3593823314 1.423829317 1.409076333 1.197977662 1.245359778 2.447171688 1.461471558 -0.2989093363 -0.6568874717
-2.386897087 -2.691726923 -1.537824512 -5.835059643 -0.8870031834 -2.406004906 -1.099870682 -3.429363251 2.112509727 -1.532837868 0.2472658902 -0.7210094333 1.716437697 1.484554648 1.500143766 2.88474369 1.27530551 -0.01744000055 1.125923753 1.082555294 0.6124007106 -2.904888153 -2.627068758 0.2551379502 -0.6188998818 -1.186150312 -0.0218087472 2.210054874 -0.07398133725 -1.188421607 2.418384314 -3.104229927 0.7621595263 -2.422171593 -0.2028310895 0.7340566516 -1.904860735 -1.229335904 -0.8505146503 -0.5578932166 -2.638021231 -1.55236578 -0.2319020629 1.128228664 -2.740469456 -2.430392265 -1.941180468 -2.506758451 0.09225600213 -0.4229919612 -0.6142113805 -4.326029778 -2.567749977 0.09625227004 0.6009119153 0.788415134 -0.2876318693 -0.3159571886 0.5743021369 -0.3458338678 -0.2302445769 -1.468358159 3.122950077 1.793172002 3.56875968 0.9903710485 1.555484653 -1.351359367 1.557349443 2.176639795 2.18598628 -2.082102537 -1.000340104 2.569221497 1.928991199 3.203986168 2.493683815 1.790522575 0.5515035987 -0.3529222906 1.240258098 -0.4250173271 1.371037722 3.181648254 1.355502725 -1.90704596 -1.625855565 -0.2319112569 -0.08247870952 2.002579927 -1.783569098 -1.854691505 -1.538715363 -1.52837038 -2.67385149 -1.863720536 -0.7043212652 -1.896775723 1.530340314 0.2765274048 1.039511204 1.155913591 3.085618496 -0.6542016268 0.9307155013 0.5715491176 1.082160592 -1.573299289 0.1740956306 -0.18793042 1.322432995 -0.1734693497
0.9016637802 -0.2887299657 -0.8907054663 0.3686504662 -0.474860996 0.4169473946 -1.865833163 0.3905546367 -0.9648098946 -1.554540396 0.8878347278 -2.980318308 -1.0784235 -1.012259841 -1.950653434 -0.6322831511 0.9676635265 -0.1079870015 -0.3671396673 1.286388397 -0.5905374885 -0.8362514377 -1.230448127 -4.515850067 -2.713972807 -3.875647306 -0.4002293944 -0.8855807781 1.417441368 0.1387326717 0.6919648647 -2.105536699 -0.3220889568 -3.412855864 1.998440146 -0.1682761759 2.265273809 0.1629708111 2.370228767 2.916296959 1.852575183 1.240661025 1.169849992 1.041471601 0.5479394197 1.129943728 0.3052052557 -2.236929893 0.1557659954 -0.2689402401 -2.214322329 -2.955332041 -4.636911869 -1.596850753 -1.291298389 -0.6462017894 -2.038270235 -1.240778685 -2.394496918 1.058781624 1.917487741 1.287281275 1.161929727 2.681545973 1.898112774 0.3907213509 0.6405448914 2.505007982 2.337838411 0.8109943271 -1.285153031 1.866373658 2.608695745 1.247235417 1.420626163 -0.4707066417 -1.521960855 -2.110176563 1.186616063 1.271785617 0.08276663721 1.205040812 -1.324688792 -3.805788517 0.8601296544 -0.6155768037 -1.907354236 -0.007778671104 -0.9753200412 -2.363236189 -2.05631876 -2.165349007 -1.896608472 -1.938385606 -2.540138245 -2.020440817 -0.8116505146 -1.623613238 -1.164432883 -2.997075081 -1.378527999 0.8142357469 1.170581937 -1.739654064 1.285043478 1.814346194 -0.9565649629 2.307220459 -1.418874741 -1.152610302 0.07229927927 0.5792820454
-1.472505569 0.184025988 0.8620297313 -1.862807155 0.01978041418 -0.05940832943 3.026872158 0.1773975492 1.829767942 2.554514885 1.087738872 -0.4719731808 1.79118216 0.8796468377 1.266441226 0.9867848158 0.9177327752 0.002086000051 -2.651476383 2.61224246 0.5973761678 -6.183894157 -1.319337726 -1.209032178 2.252298832 0.437189877 -1.209268332 1.289393663 -1.192645788 0.8842461109 1.189473152 -2.45872736 -0.7987036109 0.7437642217 0.5429148078 -0.705960989 1.849361181 -0.3691130579 3.283457518 0.2257215828 -0.05066619068 1.19996953 -4.809424877 -1.38245821 -2.969884396 -1.800150275 -0.7983894348 -1.419348836 0.0800999999 3.110263109 1.915338993 2.034835815 3.376868248 1.574348092 0.4560412169 1.244093895 0.73239851 0.8285624981 -0.09850567579 -1.297512889 -0.6741998792 -1.403200388 2.379773855 0.5289512277 3.439179659 0.1686902344 0.4798946083 1.630137205 1.915743113 2.834525824 5.042561054 0.5332663059 2.741714001 -2.844947577 -2.737713099 -2.560738802 2.006667852 2.096152306 1.293734789 0.08420296013 0.5744940042 -0.3539048731 0.5934984088 -1.014588237 0.7934061289 -1.185735226 -3.342754602 0.4378169179 -0.7888798118 -1.022698283 1.543932438 1.391299486 1.63079226 1.505001903 2.260443687 1.375901222 0.743716538 1.484652162 0.1711268276 -1.888163447 -0.1049317345 -2.104316473 -2.202033281 -1.964480639 -1.695090294 0.7089017034 0.3596192002 -0.5155003667 0.4728301764 0.8412745595 -1.892140508 0.3890072405
-0.6861947775 -0.449036479 -0.5359534025 -0.04168714583 0.5999267101 0.04791758955 -1.544184566 -1.987680435 -0.8403747678 -4.174210072 0.1996472478 -0.3955376148 -1.201812387 0.9728665948 1.239524007 -0.9755683541 0.3275159597 -0.1029770002 3.4699049 -0.004806295969 4.032243729 -0.1708136797 0.8888221383 -4.618871212 -3.165721416 -5.226649284 -0.6181319952 -4.034386635 1.932159185 -0.5942337513 -1.327148676 2.002432585 -0.4305962622 -3.715188742 -1.911532879 -3.593214512 -1.676857352 -3.169279575 -1.227578402 -3.622243166 -2.755785704 -1.240336299 0.8349506855 -1.110905886 -0.4504612684 -1.514261603 1.263865829 1.50596118 0.1005579978 1.63242352 2.275462151 3.420874596 5.197675705 2.248288393 0.09215470403 -1.931199908 2.046713352 1.434761524 1.325582623 2.366375685 2.615892649 2.358878613 2.997616529 3.445627213 2.44803977 0.7053780556 1.138750911 -3.780757904 -4.531886578 -3.61165452 -6.229271412 -0.0129462583 -3.964093685 -2.336381435 0.3330463469 4.415999413 1.128784418 -2.502142429 -1.616269827 2.284577608 0.981595099 1.56823051 -0.7452950478 -1.112347603 1.110898376 1.761071801 2.461457968 1.778504968 -1.2367661 -1.309341431 1.50507021 1.682397246 1.503277659 1.566154003 2.014797211 1.381356597 0.8772516251 0.9753072858 -2.456574678 -3.690854073 0.8516031504 -1.145419955 -3.38623023 -0.1392782778 -1.71106863 -0.3015228808 -2.394187927 -0.7710437179 -3.047874928 1.870190263 -0.3386489451 1.644910574
0.472270757 1.873232484 1.299026728 1.11529839 1.80551374 1.675314307 1.669413447 1.260401011 1.176524282 -0.5647879243 0.3638910949 0.795578897 -1.807795405 -0.4909425676 -0.920989871 -2.132567406 -1.010176063 -0.1078960001 0.08556587994 -1.301418304 1.425323248 0.3329898715 3.017658234 0.9706762433 2.306525469 0.5465492606 0.7215926647 -0.980455935 0.5144411922 0.07258517295 -0.2789655626 1.021746874 -0.4254695177 1.528109431 -0.3619451225 1.092484236 -2.071258545 0.49039042 -2.123250008 -0.320395261 0.06552615762 -0.650200367 2.527959108 1.247997761 1.016512275 0.03882067651 -0.07868680358 2.612913847 -0.003158000065 -0.4302516878 -1.529636383 -2.62306571 -3.872138023 -1.378183007 -0.06765253842 -0.4897548556 -0.55311203 -0.1979588866 0.7776389122 2.332749605 1.471325636 1.30653739 3.224385738 2.188802481 3.09565258 -1.672462106 -0.8713330626 -0.8096539974 2.221702337 0.7143463492 -4.650944233 0.2381486744 -0.6603016853 3.014986038 2.936933041 -1.265104532 -1.666267633 -0.5199869871 -1.555289507 0.3737722933 -0.3104281127 0.6136676073 1.096829653 -1.437701225 0.5200140476 -0.01196925435 0.1476023048 -0.4333533943 -1.604813814 -1.231962085 2.071838856 2.266591072 1.825881124 1.967170119 2.471722841 2.112907648 0.9157938957 -1.804298401 1.103831649 0.03704351187 1.124170423 -1.129659653 -1.69436276 2.505896568 2.314843416 0.3676372468 1.812978506 -1.582566619 2.758535862 -1.020539284 -0.6543473005 -0.565274179
0.4489508271 0.8402917981 1.361570597 3.319758415 1.53485918 1.75975883 1.332363725 0.8143265247 2.197042465 1.000279546 0.7452534437 0.2116732001 0.4640386999 -0.577064395 -0.2217540741 -1.428739905 -0.8506836891 -0.1404570043 -1.625720739 -0.5686405897 0.3426190615 0.1600810587 2.25005126 -0.1009711623 1.35040915 0.8357739449 1.002474308 -2.90379715 0.8884003758 0.3549513519 -0.7781626582 -1.257549644 0.7577488422 1.349605083 1.573749423 2.960114717 0.8394243717 1.627170205 0.03003124334 -0.01732470281 3.072450399 1.799245477 0.6214211583 -0.39227736 1.638867259 1.813019514 0.2037885189 -0.698949337 0.03902199864 -2.510819197 -0.4278973639 -0.6782962084 0.283719331 0.8022353649 -1.04859817 -0.8988393545 1.642354608 1.78886354 2.075446367 2.532177687 1.572623253 1.572634339 3.650134325 2.03460598 3.40570426 -1.928637028 -0.834757328 -1.627132654 -1.557756305 -0.9542946815 -1.579601765 -0.9954201579 -1.409395218 -2.065410852 -0.9614826441 -0.8461420536 -0.7036936283 -0.1088972688 -1.129807353 4.038821697 -0.2530919313 0.7469786406 -1.862723827 1.626953602 0.173896268 -0.6711006165 -0.3978583813 0.03353429586 2.380050659 1.659219384 -0.5158215165 -0.2988292575 -0.7072058916 -0.6066613197 -1.271475434 -0.1681344956 0.2395462692 -1.745638728 1.310647249 3.074855089 -1.320670605 0.9918817282 1.888526678 0.6896365881 -1.561613441 0.948623836 1.549663544 0.7131622434 2.20799613 0.6419916153 1.090844035 -0.6668053269
0.3703350425 -0.2441576719 1.206810713 0.7409045696 0.3422194719 -0.2492132187 0.7007458806 3.416524887 -1.644289732 1.891631842 0.5292535424 -1.464208841 -1.036539912 -0.7351264954 -0.2294996232 0.4828831255 0.6595687866 0.1823820025 2.258099318 0.09261086583 -1.072550058 3.987095594 -0.607196331 -1.161370516 0.9920824766 1.484249949 -0.9021032453 -2.032053947 -0.836617887 -1.223940611 -1.50360024 1.938322186 0.4081923664 1.265554786 0.5669851899 1.981706381 1.876883268 1.427621722 1.402769208 2.179440975 2.131766319 1.099008083 0.7522073984 1.199715734 0.9063985348 2.004460812 1.235571504 0.846904397 -0.09981700033 1.164934635 -2.740164995 -4.519890785 -4.784733295 -2.038539171 -0.6054850817 -1.541545033 -1.488225818 -1.146064162 -1.088291168 -2.532108068 -1.928898811 -1.612488627 -2.580353737 -2.489155054 -3.062377214 1.505944014 0.8603566885 1.386211753 2.151591063 -0.2154228538 4.683384895 1.373050928 1.289240956 1.792571545 1.438614488 1.357834458 -2.983498335 -2.400959492 -0.6254668832 -1.878050685 0.9542251825 -0.9160950184 -1.333840847 3.243165493 -0.08296773583 1.47998631 -0.007276920602 -0.2518747747 1.006092429 2.387819529 1.116137028 0.9114551544 1.37108922 1.288649082 2.570200682 1.058089495 0.7569953799 -1.564137101 -2.434919119 1.098352909 -0.1696767211 -1.716795444 -2.336806059 -0.9640561938 1.689473629 -0.5652566552 -1.334661365 3.0414505 -1.536776423 -1.395881176 -0.8965196013 0.9462752342
0.2147551924 -0.05007600412 0.7957083583 -0.4644829929 0.6229570508 0.2499726266 0.09454584867 2.203058958 1.157387972 1.530091882 1.536234736 0.1223643422 0.9948145151 0.63287884 1.064616203 0.6337568164 -0.04753960297 0.1144310012 0.4736895859 1.21647346 2.40988636 0.2228453457 1.861062765 2.564501762 -0.3768253922 1.002921104 0.6530596614 -2.990639925 0.7813306451 -1.351127267 1.476562858 4.139228821 -0.03913453966 0.2087859511 0.2537863851 -0.09187653661 -0.5438140035 0.4157601595 -0.8864524364 1.471773982 3.00890398 0.1603650898 2.701641083 0.9854191542 1.405693889 1.85366559 1.539290905 -0.3229939938 -0.119280003 0.04200996086 -2.522194624 -2.0801723 -3.245980978 -0.08155015111 0.3321567476 -1.648917556 2.15805912 1.857433915 1.004047036 1.839622378 2.074506283 1.848791003 -2.919644833 -1.958065152 -3.820235491 -0.3453079164 -0.0885547623 2.137663364 1.593916059 0.2041883916 0.43546772 1.846602678 2.569089651 0.4435128272 1.711978078 0.1823898256 1.22714889 0.903619945 1.160755515 3.861548662 0.7730458379 0.8413519263 -2.044238806 -2.710793257 0.2917377353 0.4510543048 -0.868953824 -0.6811309457 -1.875210166 -1.731157184 0.6102613211 0.4287944734 0.6493502259 0.5586881638 0.607617557 0.628169179 0.5260485411 -2.120154619 -0.8648641706 -2.753662109 -0.7253671885 0.3029538095 0.3976305723 -0.5779666901 1.09360528 0.7849370241 0.2384324074 2.261219025 -1.143301964 1.867023945 0.1034997106 -0.6262869239
-0.4768271446 0.7242285609 0.7122238874 1.738534927 0.7982236147 1.06872654 1.23352623 1.912498355 -0.5040694475 1.760432959 0.1824610084 -0.1236568466 0.965079248 0.4798848331 1.101886749 0.2634146512 0.1998850256 -0.1586959958 1.029948354 -0.2207929045 -0.4455066323 2.999755144 1.876816869 -0.07204337418 0.9836185575 1.662768483 0.6386995912 -2.322426319 1.186674595 -0.3335476518 -0.09362377971 2.741072178 0.4279131293 0.6804828644 0.2237290144 0.7702487111 1.196766734 0.6909014583 1.705366254 0.5083978772 1.926279664 0.8578148484 0.4651287496 0.2487402111 -1.047814846 -1.69181478 0.01827027276 -0.5731261373 0.06973099709 1.51242888 -0.9548461437 -2.743313551 -0.2943576276 0.3522706926 -0.3101727068 -0.6964476705 1.783135176 1.104226589 0.3837662935 1.153237939 1.253881335 1.108089685 -1.68410182 -1.116015673 -1.743520856 0.4604410529 0.1427174807 1.306481361 1.268625855 2.015530348 3.096785784 1.632803798 1.416993022 -1.936199546 -0.7342323661 0.8917007446 0.3245710433 0.1424614787 1.156689405 2.81570363 1.415246129 1.382160902 1.312568903 1.161016464 0.8017895818 -0.3016613126 0.2684999406 0.8195675015 0.8588653207 1.296224952 1.243230939 1.266774297 1.224805117 1.303421259 1.272569895 1.049129009 0.9276208282 -2.020628929 0.3673021495 0.883138299 1.055024981 1.298586249 1.115865469 1.290774107 -0.5548232198 1.113218307 0.9011613727 -1.583652854 0.7980508804 0.5851075053 0.7856037021 -0.2895494103
-0.9237520099 -0.4564011395 -0.538870275 -2.70554924 0.3694139421 -0.3915412426 -1.182196021 -3.209794998 0.9178474545 -2.798172474 -1.038372636 1.481606245 0.7783233523 0.7654408813 1.341962576 2.737640381 -0.4113323092 -0.1902240068 -1.903439164 -2.146031857 -0.3445518613 -0.8962225318 0.4483023882 -2.099006176 -2.893842459 0.008967431262 -0.2743029296 -1.074756622 1.710558057 0.3169339001 0.3466474712 1.95215559 0.6343614459 -3.302063227 -2.221028566 -1.116881132 -0.4335768521 -0.9311172962 0.6694252491 -0.1411146671 1.388607025 -0.1436525136 0.3914853036 0.5962102413 0.82055372 1.405151129 -1.53732419 -0.8013089299 -0.1807920039 -2.015476465 -0.7198349833 -2.662405729 -2.44815135 -2.248767138 -0.9475340843 -0.7868051529 -0.8304550052 -0.8561730385 -0.04157504812 3.406171083 3.382472277 3.61873889 2.425651789 2.818682194 2.404119253 -1.732747674 -0.7338731885 -1.492304683 -1.717066646 0.4881615937 0.8441287279 -1.367704272 -1.71634984 1.409609675 -0.06675828248 -0.8625593185 2.608136177 1.128323793 2.816863298 1.105802894 -0.2549765408 2.105037928 1.091515422 2.103912115 1.046476841 -1.465302348 -0.948757112 -1.010770798 2.254230976 1.487762213 1.808745861 1.981273532 1.560818315 1.515841246 1.417772055 1.751192331 0.8480521441 -1.183661342 1.753375411 1.914012194 0.3296637535 1.440833092 1.727110982 -0.1918014288 0.05301722884 0.001863047946 2.052179575 1.224721789 1.945162177 0.4763844013 1.307605863 -0.2203012407
0.00352432928 2.863927126 1.212470174 4.245040894 1.359621882 2.040750742 1.643487811 2.692437649 1.790071249 1.172063589 0.9187700748 0.8526796103 -0.4783495069 -0.7762334943 -0.237991944 -2.770609856 -0.5286569595 0.06088599935 -4.19973135 -1.180877566 -1.693253875 1.432061076 2.326931715 1.226225138 1.864152789 1.253450871 1.224076271 -2.142305374 1.261525273 1.744694829 -1.366256833 6.69085741 0.2529957891 1.538645864 0.1791406423 2.056128263 -2.127413273 1.619751573 -1.840928197 -1.802014709 1.285951853 -0.5472024083 -1.059248567 -0.7327213287 0.7193573117 -1.814720035 1.109159946 -1.092470884 0.09902799875 -0.4494583309 1.669394135 2.351145506 2.403115273 -0.03642753884 -0.6679118276 0.1629720777 1.540240526 1.116596341 1.813103557 3.605557919 2.499234676 1.434891582 -2.37228775 -0.8419522047 -2.964004993 -1.158777237 -0.7743151188 3.078443527 1.967478514 3.073302984 4.243159771 1.439765573 2.474419117 -3.38658452 -1.52449441 -3.051840782 -1.679444075 -1.238202691 -1.528090954 2.516161919 1.251599789 1.470563173 1.509392262 2.780455351 -0.3881173134 -0.4392968118 -1.68421936 -0.05785119534 1.364960551 2.12975502 2.286034584 2.253283024 2.045186043 2.020200253 2.592607498 2.222255707 0.8407345414 1.899638534 1.217153788 2.252803087 1.410573959 -0.8059672713 0.1657467932 1.144379497 -1.290931582 -0.7275713086 3.331775665 -2.096484423 2.188841105 1.867589593 -0.4317231774 -1.2701689
1.155927181 1.69091177 1.290278316 2.551603317 1.344583273 2.712074518 0.9448937774 2.51444459 -0.438675195 0.4279957116 0.7829608321 1.464841008 1.705189824 0.1561968476 0.7541953921 -0.3539161384 0.6859217286 -0.07118500024 -0.6471625566 -0.594987452 1.876360893 3.025022268 1.90716815 -1.415032387 1.520213604 1.035937786 0.1883087456 2.40660882 -0.2205163538 0.4952564538 -0.2728518546 3.734883308 0.9196628928 1.62018013 -0.2608388662 -1.692782879 1.005377054 -0.2827371657 1.351191998 -1.396198511 0.5005713701 1.224604249 0.2496522516 -0.8985588551 2.584984541 1.869694591 2.630579948 2.00165534 0.1077999994 -0.0267076306 -1.918674946 -4.039687157 -1.980683327 -1.924932003 0.6227247715 1.334478259 -0.946034193 -1.121907353 -1.470431685 -0.09903778881 -0.2492699176 1.461572647 -2.776816845 -2.028555393 -3.656200409 -1.317916632 0.1057377681 -1.800223112 -2.816209316 -2.872096062 3.13360095 -0.3486537337 -2.917755365 -0.8585967422 -0.2350066304 -0.9492670894 0.8501620293 -0.4539324641 0.7444173098 -2.172712564 -0.7179464698 -0.4236875474 -0.9408119321 1.601690769 -1.697246075 1.221905589 2.748321772 1.480261922 0.7897678018 1.579435945 1.67350769 1.82990694 1.621610641 1.578469157 1.608597517 1.692254186 0.9163326621 -0.5992840528 -1.847722769 1.184584975 -0.2688036561 1.441445112 1.461279154 1.551584721 -0.359701544 0.1008366495 -0.6844616532 0.7439209223 -0.3819578886 -1.617948294 0.9074040651 -0.2458435595
0.3039066792 0.3357401192 0.77441746 0.4314485788 0.8012969494 1.198335171 1.447317243 1.19239223 0.5984475613 2.116328001 0.7403575778 -0.9885995388 -2.168213129 1.324933529 1.982785463 2.876080036 1.886443734 0.1752039939 3.932932615 1.642488599 0.07729860395 -0.1784292012 -0.996563971 0.6195412278 2.521979332 3.144029617 -0.1328457594 3.662997007 -0.06469602138 1.037597895 1.207733154 -3.462416649 0.8171480298 2.190806389 -0.1567167342 -2.705085516 -2.165724039 -4.261610508 -1.859967351 -2.435340881 -4.042198658 -0.4668610692 -1.385800719 -0.8562986851 1.042839646 0.6673747301 1.120118141 1.019029975 -0.1506409943 -3.33212471 1.46242094 -0.9309599996 1.615870476 -0.949811995 1.088709712 1.971827149 -0.2010085732 -0.7545930743 0.3757300079 -0.05467756838 -1.870641232 -2.365246058 -3.505503416 -3.083653212 -3.687842131 3.103083372 2.92646122 -2.982597351 -3.092149734 -1.309193254 -3.312855482 -2.228114128 -2.847253323 -2.415608168 -1.948898196 1.690882087 0.2764775455 0.9922505021 0.1671125144 -1.949535847 1.114372849 -0.4737555087 2.017674208 3.10916543 -2.028134823 1.181037068 1.940847158 2.236881733 -2.032239199 3.013190031 -1.963682652 -1.90340662 -1.499127626 -1.392050266 -1.110323071 -2.148385048 -0.2894493043 -0.4699937701 1.782762647 -0.6820070148 0.8862659335 -1.803245664 -2.376353264 2.662734509 0.2216277272 0.8434442878 0.9134424925 0.9808419347 0.7428677678 -0.4619342983 -0.4309698939 -0.0530619435
