ACTIVATION=sigmoid
-0.9849712849 -0.166383639 0.2931376994 -0.642737627 -0.9279136062 -0.5794966817 -0.5957557559 0.2614535391 -0.9630064964 -0.3875143826 0.4548269808 0.2440522462 -0.7253008485 0.1736530662 -0.5688734651 0.4493059516 0.8895135522 -0.9411023855 0.4413503706 -0.659570694 0.4634148479 -0.7043812871 -0.0238860175 0.302796483 -0.5774171352 0.5327596664 -0.6005907655 0.5952589512 0.5356823802 -0.8937470913 -0.6994102597 0.5599091649 -0.8651648164 0.438393414 -0.9965044856 -0.04528915882 -0.7850007415 0.6170898676 0.1838044226 -0.6790594459 -0.2315548956 0.5447624922 0.08192563057 -0.9140021801 0.0158044342 0.5223130584 -0.7386603951 -0.9610493183 -0.08968956769
0.7033470273 -0.6063351631 -0.8950995803 -0.182108134 -0.1783054918 -0.7389554381 -1.083473325 -1.056156158 0.6884868145 0.229768157 0.2845522463 0.6229615211 -0.3176922798 -0.4907271862 -0.7480778694 -0.2671049237 -0.6038745046 -1.307402372 -1.043397903 0.5984233022 0.1120045036 -0.7656216621 -1.307973146 -0.8612080812 -0.4488521218 -0.6409808993 0.4643338323 0.6195545793 0.5226477385 -0.8948127627 0.3844054043 0.3120382726 -0.8530356288 -0.9916692376 0.249180004 -0.6774780154 0.2900052667 0.5808058381 -1.087440372 -0.09753268212 -0.1205357388 0.8866243958 -0.8772393465 0.6274706721 0.4733914137 0.02437896095 0.5239082575 -0.02526264638 0.1057177112
0.07622472942 0.3774879873 -0.4593227506 0.6334163547 -1.152710915 -0.08950169384 0.2984709144 -0.6534261703 -0.2853115201 -1.13707912 -0.2366464436 -0.9977225661 -0.1706769615 -0.7067757845 0.04529353604 0.2199603021 0.5927634239 0.2412465811 0.4850078821 0.6649765372 -0.388141185 -0.9779447317 -0.8929592967 -0.4370445311 -0.1371257007 0.1794465035 -0.5620530248 0.356138885 -0.3772373796 -0.6483895779 -0.2896963954 -0.6571626067 0.1470204294 -0.6408843994 -0.7078244686 -0.9317671061 0.4740533829 -0.3983416259 0.4308260977 0.3403395116 0.1972943991 0.2365669161 0.56470716 -0.7441788912 -0.7929509878 0.8641982079 0.3890914023 0.2913916111 -0.2911362946
0.473099947 0.3696851432 -0.6479688883 -1.053784251 -0.9483554363 -0.3299241364 0.4343132079 0.01415949874 -1.325446486 0.8920955062 -1.054752469 0.6655268073 -0.3407570124 0.3087931573 -0.116348803 -1.075207829 -1.334373355 -1.464782715 -0.9058330655 -0.9651466608 -0.5811316371 1.033928514 0.391552031 -0.1092369258 -0.9318640232 0.3120855391 -0.5172476768 -1.165619135 -1.068871856 0.9158486128 0.5583137274 -0.455953151 0.9428831339 -1.119825959 -1.399360776 -1.020902634 -0.9826993942 -0.1539853066 0.7987741828 0.7024466991 0.7036488056 -0.396442771 0.7675470114 -0.5873916149 -0.1482628286 0.7897220254 -1.289138079 -0.1859408021 0.127275303
-0.6913084984 -1.063354135 0.6354627609 -0.4510544538 -0.95979774 0.08621510118 0.8778906465 -0.7630197406 -1.489749193 -0.8813261986 -0.9284818769 -0.656968534 -0.3982303143 -0.2553715408 -0.6922277808 0.2049286813 -1.417634964 0.5798664689 0.7172644138 -0.3488759995 0.9352736473 0.5840626359 0.5590384603 -1.163825631 -0.411167711 -0.4279653728 -0.4599374235 1.199331403 1.12597096 0.7136121988 0.3499699831 0.7054318786 0.6253290176 -1.17231977 -1.492735863 -0.06025185436 1.476509333 0.007329499815 -1.222316623 0.6792191863 -1.688236833 -1.224729776 -0.9243763685 0.8135995269 0.4571709335 -1.051206112 -0.9445539713 0.3551113009 -0.256351918
0.159874931 0.07901696861 -0.7307559848 -0.1900553107 0.3177538514 0.08625590056 0.005347748287 -0.08040562272 0.508387208 -0.489272505 -0.8190925717 -0.3756507933 -0.39682585 0.4704352915 -0.8132664561 0.6031093001 0.5313833356 0.2876744866 -0.7908289433 0.3860038221 -0.3179934025 0.1147423163 0.23504664 0.5740976334 -0.3424529433 -0.2312272042 -0.5337805748 -0.8302428722 -0.5169482231 -0.9102619886 -0.001659389585 -0.5156893134 0.4158230722 -0.8230823278 0.1145176068 0.2953427434 0.02665172145 -0.6468808055 0.3878077269 -0.9848003983 -0.9250750542 0.2278374135 -0.778985858 0.2238456309 0.335526526 -0.4922071695 -0.6865414381 -0.896133244 0.09293142706
0.3292856514 -1.155774355 -0.2019791752 -0.8369134665 0.6638966203 0.4799726307 -0.3065271676 0.07876398414 0.5386151075 0.1212182418 -0.4074977338 -0.5969789624 -0.6596106887 0.7495337725 -0.05904639885 -1.003253818 -0.8515520692 0.8018630743 -1.056233883 -0.6452773213 1.001285315 1.135401964 -0.6006914973 0.6714985371 -0.7533377409 1.034774899 0.05080152676 -0.9272680879 0.7504143715 -0.8310437799 0.2195866406 -0.03171572462 -1.156162024 -0.05468047038 0.8332865238 -0.2361632586 -1.490686059 -0.3880489171 -1.260251284 0.3851596117 0.03000992909 -0.34004879 -0.9235933423 -0.7987549305 -1.077852249 -0.8749645352 -1.206043363 0.8006614447 -0.5214731097
0.3438973427 -0.629786551 0.1480214298 -0.525919199 0.6547090411 -0.02343555726 -0.05825598538 0.203077659 0.5156624317 -0.2756764889 0.3930855691 -0.8151171207 -0.3225564659 -0.8398077488 -0.03834443539 0.04469656572 -0.763243556 -0.9182187319 0.6657826304 0.2985644341 -1.109648824 -0.7531270981 -0.8700640202 0.4350404143 0.816452384 -0.5244343877 -0.8193689585 -0.8844568729 -0.7469934821 -0.08088246733 -0.1551836431 0.6383759975 0.3254065514 0.2282569706 0.1259254962 -0.8534177542 0.7409826517 -0.4245097637 -1.292504549 0.2107660025 -0.953707695 -0.8644766212 0.5896517038 -0.6834848523 -0.7979928851 -0.830827117 0.4441076219 -0.7782142162 -0.1549344361
0.2490219474 -0.4233959019 -0.9607759118 0.7873672843 0.08027310669 0.3035449088 -0.8883476257 -0.7142121196 -0.966360569 -0.9958204627 0.4713311493 -0.8178666234 -0.7088179588 0.2332523167 -0.9352819324 -0.8328239918 -0.8399947286 0.4509147704 0.05905169994 0.7772407532 -0.2329137623 0.4048061371 0.147188291 -0.4668255448 -1.169745922 -0.4833436012 0.4240358472 -0.7239021063 -0.7394413352 0.2938837707 -0.2937515378 0.5179581642 -0.5302308202 0.2275721282 0.5231606364 -0.1914554238 -1.100038528 0.5072044134 0.5830304623 0.2337080389 -0.9604730606 -1.084567904 0.7193892598 0.2438056022 -0.0611904934 -0.124657549 -0.290291965 -0.6280009747 -0.02410839871
0.234844178 -0.8116782308 -0.6159177423 0.4352733493 0.01026878227 -0.8044789433 -0.8626872897 0.1521841735 0.5278408527 -0.4172298312 0.3316381872 -0.8716604114 -0.4858489335 0.1302210391 -0.3958587348 -0.7335987091 0.553640902 -0.9424074292 -0.299628377 -0.805760324 0.5655167103 0.3777916431 0.3689229488 -0.937474668 0.6873360872 -0.8314787745 -0.7292506099 -0.5404137969 0.5492554903 0.3639931679 0.4983325005 -0.6417788863 -0.3026705384 0.3230836391 -0.953324914 0.336106807 0.0482130684 -0.4331668317 0.1070611998 -0.6510536671 -0.09923408926 -0.1384542286 -0.2344177216 -0.2647288442 -0.4821913838 0.456369698 -0.004269144498 0.1686653197 0.07300386578
-0.4534460008 -0.171060726 0.4690959752 -0.2454463542 0.678175509 0.1000356749 0.01285191812 -0.997856915 -0.3364134133 0.7072561383 0.8402022123 0.5646427274 0.1046812087 0.2282455564 0.2562121153 0.8919122219 1.029582858 0.3044556379 -0.9465841651 -1.220292449 -0.8259788752 -0.905482471 -1.077575803 0.724168539 -0.6654523015 -1.157505989 0.3187676966 0.009230173193 -0.8105422258 -0.469494164 -0.8635226488 -1.260767579 0.2171079367 -1.069052458 -1.333378077 0.2255621701 -1.158948421 0.6363957524 -1.267289281 0.05739207193 1.172396302 -0.9576994181 -1.045500636 -0.9252842069 -1.104950666 -0.9695718288 0.3341534734 -0.776940465 -0.4704963565
-1.438158154 0.3300600052 -0.5556598306 -0.7974508405 0.6190937757 0.9390136003 -0.09101740271 -0.07684828341 -1.029739857 -0.1520029306 -0.1863546818 0.3802697659 0.6766468883 -0.5924013257 0.4643376768 -0.352707088 -0.3984238803 -0.443575561 -0.3790101111 0.9849871993 -0.4101954103 -0.4246281087 0.6085026264 0.06459263712 0.7614768744 -0.9242478013 -0.7213401198 -0.6366260648 -0.5125052333 0.4909246564 -0.7110229135 -0.6575359106 -1.03931129 -0.00755610643 -0.2629901469 0.1741480529 -1.52821207 -1.143500566 -0.1528975666 -0.823284924 -0.7341372371 1.038517356 -0.7677969933 0.2471435964 -0.8317565322 0.7554830313 0.1706656069 0.8034514785 -0.4151320159
-0.5190269947 -0.07278486341 0.1627980173 -0.5517848134 -0.9374705553 -0.950774312 -0.6117975712 0.4052792192 -0.1444680244 0.0846529007 -0.8171533942 0.1784022897 -0.8298003078 -0.5360384583 -0.1418787688 -0.5893434286 -0.7684825063 0.3363056481 -0.5360280871 -1.00333333 -0.08570705354 -0.6934311986 0.2592303157 -0.8235901594 0.5072368979 0.6467387676 -0.2331416756 0.5207377076 -0.8106059432 0.4966499209 -0.6438769698 -0.795451045 -0.4859429896 0.4345356226 0.6059189439 0.3638901711 -0.2078821808 0.5086436868 -1.03633368 -0.7392911911 0.3729792237 -0.9422558546 -0.0671852231 0.02999014221 0.2040926069 -0.8094162941 0.224506855 0.05120645091 -0.04574070126
-1.042417645 -0.93117553 -0.7890760899 0.4402987361 -0.3067411184 0.4880868793 0.0913996771 0.2639424205 -1.056675434 -0.08844043314 -0.7183690667 -0.4729647934 -0.2245385498 0.5019815564 -0.4886656404 -0.5320515037 0.4230078459 -0.7946527004 -0.0303390678 -0.3986716568 -0.7967606783 -0.3692861497 -0.7792729735 0.3101542592 0.4534085393 0.4680230319 0.2381657213 0.498965323 -0.3727222383 -0.01393969916 0.4764771163 0.4079767168 -0.452172637 -0.8288870454 0.3807147145 -0.02320793644 0.3349818289 -0.7246492505 -0.1931819916 -0.8322261572 0.3465287983 -0.6096161604 0.4078417122 0.4048953354 -0.9181257486 -0.7868258357 -0.710156858 -0.1489431709 -0.2031111717
-1.287137985 0.3767925203 0.06130756065 0.06508077681 -0.2436575294 0.1218745932 -0.943287611 0.1784538925 0.7336717844 0.07214557379 -0.5953404903 0.2699894309 0.04901497811 -0.407474339 -0.4416252375 -0.8062183857 -0.6248221993 0.4214071631 0.6990202069 -0.791857183 -0.5630216002 -0.1290408075 -1.257046819 -0.992280066 -0.7197616696 -0.9759899378 0.05645981058 -0.8998882174 -0.3766973913 -0.5992849469 0.742136538 -0.7985624671 0.05894611776 0.05775931478 0.3332454562 -0.3491462171 0.4404793978 -0.5759797096 1.193667531 0.4642883539 0.255482614 0.5926906466 -0.7969108224 -0.9305417538 -0.02541672252 -0.7521557212 -0.7237997055 -0.7442241311 0.007904754952
