ACTIVATION=sigmoid
-0.01213290592 -0.3604222239 -0.3377988332 -0.8345649356 -0.3614940518 -0.6325581921 -0.3989696264 -0.1003329967 -0.247005062 0.4349522289 0.2348761923 0.3968685365 0.1302584919 -0.1569776366 -0.3653330818 0.193733 -0.7997137837 -0.7783719505 0.3978922416 -0.2485071866 -0.4834240931 -0.656984858 -0.02332217622 -0.6884096521 -0.2976802446 -0.488525729 -0.5048064904 -0.1438492742 -0.104767 -0.7888487428 0.05043244591 -0.1101190968 -0.3446043232 0.222527036 0.279664938 1.235831731 2.223390748 0.196191 1.650194672 -1.416652206 -1.211726296 -1.525407399 -0.4982976918 -0.7482287169 -0.6359207444 -1.081032945 -0.8541756641 0.07144067854 -0.4828459843 1.490638173 1.332229068 1.093513965 1.581185822 0.1591716039 0.8710354647 -0.102696136 1.133027914 1.082875183 0.9327412413 0.631855781 0.8313283908 0.8466020484 0.6352823767 0.8961965986 0.02292679063 1.313986393 1.752532564 1.987181395 1.585075401 0.5193018624 1.074154721 0.3634428314 -0.7279922262 -0.0522278374
-0.2525153541 -0.771967035 -0.5116319751 -1.441709358 -0.3255773474 -0.8832610042 -0.5483913045 0.9097667698 -1.561878112 0.5822527609 0.638229417 0.7275079229 1.414762106 1.747639335 -0.3592380584 0.147338 -1.720177932 0.4320807653 -0.6404277902 -1.392181197 0.5572639636 -0.2659299497 -1.209739789 -0.07109513103 0.7080618166 0.7456472411 0.7695914483 1.500575613 0.094262 -1.736249787 -0.4847078598 -0.7580436031 -1.781310915 -0.4505673238 0.7808308012 0.8739802395 -0.9330845496 0.120267 -0.7580276992 2.205941445 0.7891198141 1.926680741 0.2937420471 1.883320287 1.160244224 0.5861332066 1.150174551 -0.6997811975 -0.4794289712 1.727930701 1.221669002 1.693520876 1.254011137 1.615961555 1.071740214 -1.907890436 1.133848509 -0.8036682368 -1.093515349 -1.204284824 0.04691329105 -0.7522740669 -0.5476033011 -0.4343281441 0.024729648 -1.344896646 -1.698508271 -1.496749841 -1.200689727 1.043813358 0.4546971737 -1.102773731 1.537999584 -0.1802416644
1.260517511 2.021738193 1.369164372 2.023659664 0.9644342618 1.491715608 1.182501662 0.6448509751 0.02980267694 -0.909689947 -0.5453721523 -1.186557286 -2.07986046 -1.031531302 0.06583176724 0.019196 1.032500901 -0.8784796675 -1.355046301 -0.1374457274 -1.338302759 1.130111838 1.708628884 1.888880243 -0.5079646809 -1.297057363 -1.472988503 -1.311087028 -0.15454 2.40544551 0.08964659813 0.01794776338 -2.203890753 0.5887074388 1.903669719 1.7766438 0.05572595255 -0.041881 -0.3634499567 -1.907785444 -1.618736238 -2.426542881 -1.201323358 -2.449061235 -1.49970562 -1.759362383 -2.00790681 1.03150045 0.09309390104 1.062639356 1.327533317 1.085019634 1.248651538 1.486460376 1.267708635 0.8717265899 -1.526595934 0.1722774012 -0.3713828695 -0.2673721792 -0.5106919206 0.2589592626 -0.06245930938 0.08461911433 -0.1936087128 -0.9136138947 -1.628100666 -1.943876953 -0.190353116 1.360235194 -0.8190652954 0.8547083293 1.799482864 -0.3321150552
-0.4665018534 -0.2124972977 1.69112362 -1.440927731 -0.2198102265 -0.1780953266 0.3904903321 -0.355390029 -1.0427746 0.1179236723 2.220776042 1.46564786 2.54290795 1.840292061 0.4678861307 0.041772 1.859801367 1.6824482 1.400635075 1.29179347 -1.175730606 0.7414228521 0.624371942 -0.08070538022 -0.6509466258 0.6116942687 -0.7196948659 -2.252132036 -0.012643 2.660008555 -1.094340019 -1.687119651 -1.649346935 -0.978251946 -1.069792017 0.250828779 1.637179955 0.100864 2.187156813 2.225592424 1.153960888 1.360338146 -1.185418324 -1.547508983 -1.479802497 2.757379709 2.055727815 0.3368338632 0.7559022818 0.9357317856 1.517230415 0.9317784419 2.183478976 -1.156729962 -0.9375484898 0.2448828485 1.78948146 2.066781963 1.273847434 0.9854938361 -1.244781809 -0.6722857196 -0.9348082836 -1.021329611 -0.4781860895 -0.2280966422 -1.918980836 -1.776398992 1.246441174 -0.7477614806 0.3848208077 -0.09003346431 -0.9606952741 -0.2995747234
0.07451510014 0.218340401 0.6456439227 0.5624476707 0.4932532881 0.6335523573 0.5164841615 0.3423130103 0.04240761418 0.787333846 0.5038680824 0.8479682536 1.439720114 0.9481187136 -0.02868722684 -0.086282 0.2667974555 0.8691547612 1.200235846 0.4812935203 0.7174270991 0.7229945907 0.1616501042 0.6198134468 0.5673669718 0.4542815315 0.324960005 0.8887049326 -0.045506 0.9111627699 0.1452576132 -0.6675349021 -0.819618315 -0.6400980769 0.5272607376 -0.07640483358 1.442045031 -0.098674 0.5521952382 -0.4197667142 -1.63181559 -0.6691474071 0.7370066884 0.8427037912 0.1595383006 0.1809184926 0.481262333 -0.4587883291 -0.2089517223 -0.503985656 -0.6379590746 -1.183687645 -0.9459386757 0.9407999699 1.028860051 -0.2790721875 0.8455297604 0.8382996855 0.8110832841 0.723423933 -0.4893362562 -0.7201170544 -0.5853844193 -0.5915453975 -0.1777150016 -1.198806245 -1.344060754 -1.360290777 0.8941850953 1.074484508 0.8081867522 -0.3656487949 0.8123979874 0.1999262147
0.003021549937 0.4500311613 1.233005558 0.7805467739 0.6930488 1.210168048 1.106383139 1.251716527 -0.7368946842 -0.8986997021 0.550189508 -0.6688324716 -0.07392162138 1.383785702 0.3569511512 0.178648 0.8406024853 -0.06926303685 -0.8574145604 1.153555516 -0.2783892885 1.91944512 2.26932754 2.330760222 0.1725132286 -0.2445790565 0.2653873038 0.405780569 0.017065 2.499509706 -0.8618317783 -0.4677693284 -1.584968361 0.9105734188 -1.253846313 -0.8291844188 -1.277230127 -0.15176 -0.1426705735 -0.534486719 -1.184736874 -0.9917781104 -0.8431514878 -1.211909393 -1.103414668 -0.8582126822 -1.141840151 0.4045579785 0.2949932251 1.270358383 2.002751526 2.148021645 2.176861566 1.324779695 1.10340704 0.9063770521 -0.5302677973 -0.718931888 -1.256256558 -0.3829410713 0.1829281284 0.926041162 0.6771214142 0.5746443508 -0.2327705932 1.703141704 1.778934674 1.948730325 -0.8837931292 1.44357917 -0.4164565521 1.001456602 -1.310451017 -0.1849326304
-0.1472842273 0.1793448993 -0.7700694828 -0.6143838217 -0.2973633354 -0.7912079934 -0.6384883222 0.2784010257 -0.2481570871 0.1470347013 0.4618750911 1.228787814 0.3907833223 1.01690681 -0.5486526802 0.149923 -0.991113511 -0.9512339893 0.1581801002 -1.075004181 1.112634712 -1.76985401 -1.428537797 -1.615001752 0.4141142834 -0.4799870874 1.454164658 1.123644747 0.168515 -2.246420055 1.131458945 1.566579028 0.1959303592 0.3799403232 -0.3745717326 0.5076251547 0.1342544354 0.09463 0.1476993985 0.7480367049 -1.461532614 0.03398990974 1.684354979 2.181451647 1.099857144 1.82507766 1.800326089 -1.208847742 -0.5345010957 1.48716874 1.710161704 0.3277490899 1.488155776 1.781294505 1.510479146 -1.165480062 0.8339802515 -0.5431917007 -0.3179802076 -0.6746260462 -0.7687745523 -1.132618476 -1.092057878 -0.7197663884 -1.266242919 -0.90421463 -1.382334609 -1.198720279 0.6882270026 0.9833750408 1.060197823 -0.475939854 0.6503198485 -0.4025371498
-0.006939303589 0.980915791 0.5382779368 1.202929937 0.4432200263 0.6017812232 0.6821579771 0.4879102251 0.233519751 -0.6216129525 -0.6074425992 -0.8852317086 -1.150556213 -0.6574739629 -0.2385698469 -0.11903 -0.4473975267 -0.9948971023 -0.6929289769 -0.4363256491 1.21805648 0.3418123488 0.945739692 -0.2465982434 1.081636741 0.5039388521 0.6406570404 0.8243981256 0.153739 0.6705014932 -0.168223392 0.03308162247 -0.4178864006 0.1789689441 -1.61733293 -1.329441366 -1.36080305 0.09941 -0.9622261167 -1.134601666 -1.035866495 -1.382228538 0.9929736592 1.609339697 0.4074805506 2.270017882 1.786312082 0.05973790533 -0.05870313682 0.806193379 1.804778831 1.839331557 1.853260624 1.177454727 0.3428228592 0.6200812103 -0.6950883914 -1.389885817 -0.8411901603 -0.4072861297 0.3103227988 0.6242843159 0.8991591148 0.803174775 -0.2481026059 1.602860007 1.857537536 1.947314096 -0.6570568454 1.352366853 -0.09803833018 1.103182585 -1.261827381 -0.05638588378
0.5301312342 0.185897935 -0.2629791374 0.04558676147 0.02789759781 -0.3563723976 -0.7076262392 0.9781737568 -0.9925210149 -0.4371389801 0.2382804805 -0.2418320713 -0.1850848457 1.136889162 0.03693320589 -0.135105 0.1128886056 0.07799831867 -1.124204347 -1.215605177 -0.1567315291 -1.867967236 -1.501770875 -1.841301302 0.44857148 0.3402466202 -0.06596903299 0.08849858619 -0.121775 -1.548635606 -0.134065579 -0.894512037 -1.952570872 -0.9299117245 1.475729119 1.437483539 0.4333071396 0.060573 -0.007078379074 1.88883927 -0.7659628132 0.6359770074 0.0904419409 1.387443326 0.7282907195 1.637439579 1.569446074 0.241745596 0.3414930118 0.9452466465 1.112781027 0.935793728 1.147743703 -0.636275791 -1.087295966 -0.1259547449 -1.311757982 -0.03589037901 0.1181649286 -1.183559289 -0.3355579508 -0.755840197 -0.5927170422 -0.5493979936 0.2898817709 -1.582354822 -1.734900475 -1.752316798 -0.09901256503 -0.4170219855 -0.7728567698 0.2650038141 1.482107051 -0.2257984546
0.02596067573 -0.9609874241 -0.910296718 -1.272492006 -0.6427365106 -0.8393286372 -0.3842716943 -0.7963920912 1.355170822 -1.156467607 -0.3054155347 0.7236801272 -0.06275104164 -0.8459278881 0.6675943013 -0.018073 0.9335475991 1.24677163 -0.2383400322 -1.602498334 -1.183707176 -1.273546933 -1.224351126 -2.733380515 -1.073464268 -0.8054231053 -1.293225582 -0.8692062503 0.213014 -2.124808856 0.3692075104 0.6245980136 2.053720236 1.5938851 1.369502489 1.510729268 -2.05722828 0.006539 -0.6565459158 -2.281076413 -2.385599648 -1.550826502 -0.7409438589 -1.68201261 0.002263904308 -1.842557772 -1.56606814 1.066522295 0.6418021654 1.005452758 0.2883259651 1.405061197 1.451810457 -2.044642359 -1.603070922 0.7988288247 1.283095036 -1.195191973 -0.4866054398 1.09412754 1.133231034 1.119725119 1.088395705 0.8732266421 1.225860296 1.066707619 1.205332614 1.503321014 -1.501327672 -0.9603236489 1.374665815 0.7902599917 0.7926815906 0.1817066298
0.3115721565 -0.8372680023 0.7322075062 -0.4141364739 0.3333805724 0.3383913621 0.5719322768 -0.391653479 -0.9355164246 -0.9427907643 0.2709266699 -0.6678660837 -1.631467425 -0.118033028 0.3814626518 0.133821 1.360589428 0.3742682663 0.5284331555 1.226510441 -1.572096271 -1.267546871 0.001507346442 -0.7734203693 -0.5752178265 -0.4364931014 -0.82248824 -2.069549243 -0.199746 0.1364245818 -0.8198906728 -1.287648773 -2.056325064 0.2768221289 1.447681473 0.8142835328 1.273233488 -0.026598 0.5399360522 -1.514936823 -1.682895949 -2.192909316 -0.8003883541 -1.128459839 -0.05633758586 1.774736209 1.330923083 0.831699628 0.5114880917 -1.444307148 -1.367509968 -1.614613267 -1.880783605 0.5523979839 0.6982709689 0.9793040456 -1.380700396 1.309315038 1.451807928 0.1973654467 0.5126001364 0.2671645239 0.3491803502 0.560101601 0.6797005201 0.179154998 0.6343402833 -0.2095282527 1.097115992 1.358635237 -0.6349597431 0.5601560973 1.046105017 -0.06960427613
-0.5676573364 1.019288459 1.520390308 1.453648131 1.35633898 1.378534321 1.391844013 0.7920124081 -0.5998883647 0.6724372883 -0.04685144695 1.387729558 2.632184049 1.504846287 0.06212706784 0.15806 0.6909511319 1.318536415 1.730823946 3.74868615 1.695869364 2.152549478 2.155985318 2.400736958 1.156951682 0.2398636548 2.395811604 1.48128974 0.028692 1.924589291 -1.60414726 -0.8460722961 -1.82000635 0.6773757431 -1.737319615 -1.750466052 -1.236325956 -0.022828 -1.773933448 -2.511139605 -1.785571316 -1.378748533 1.198369311 2.284578491 1.261087983 1.84329902 1.714354267 -1.160350142 0.1331444189 -1.069806878 -1.116054068 0.5360720394 -1.736048131 -2.59536811 -1.435852686 -0.2624413614 1.716905722 -1.738510036 -0.7193616068 1.108106373 0.8378765162 0.8094455116 0.7131127421 0.627001596 -0.2465990763 1.79637204 2.066027889 2.104848166 -1.652350615 -0.3546213424 0.4622260384 1.163531595 -1.890486909 -0.6357544742
-0.08698675668 0.1238195353 1.065901654 0.5808361138 0.6824981451 0.7842599846 1.019847335 0.6094550405 -0.05296292337 0.04298301725 0.199622829 1.224721753 1.32833652 -0.175709361 0.2895870402 -0.046429 1.116537383 1.752629369 0.8905698332 0.8422248282 0.8871377567 1.568057686 1.256415209 1.807853764 0.661181388 0.07512971392 0.4010949294 1.962852105 -0.137349 1.728265023 -0.2927486049 -0.9132014466 0.2590510023 -0.743032219 0.6342149322 -0.7699480724 -0.7467726213 -0.006188 -0.7559300061 -1.563522127 -1.650102127 -1.36482361 0.7749414583 0.4234511365 1.144499568 -1.603966708 -1.358420505 0.1362338594 0.6085452156 -0.8580706652 -0.6648982845 -0.8979004657 -1.267638898 1.446227074 1.5498483 0.8915223991 1.739645072 -0.6905603965 0.2544816071 0.09702069928 0.3032145253 0.3626271207 0.4748462772 0.1048382749 0.462210615 -0.8000398018 0.1281257029 -0.639830536 -1.051030991 1.719921379 1.417294394 0.3066509497 1.12432965 -0.1180821814
-0.08033731917 -1.521218608 -0.8664946931 -2.773172277 -1.130722934 -1.009705883 -1.179029607 -1.145458325 0.5104850063 0.4924368043 1.979522053 1.028433457 1.568750689 2.32555312 0.6843090047 -0.045241 1.028217149 1.984862584 1.402903414 0.4234757869 -0.9774806557 -1.224233777 -2.439658744 0.01176314871 -1.106304418 -1.49639891 -1.58463519 -0.9320431926 0.103777 -1.400192083 0.8590382103 1.057201283 1.8334506 -1.527155931 2.026065246 2.041036931 1.306571203 0.201134 0.5767577999 -1.26971778 -1.936289736 -1.914723996 -0.7932199937 -1.894208532 -0.5401495974 -2.562207491 -2.000720694 0.3016390905 0.554114102 -1.063552555 -1.058834555 -1.90579422 -1.545767722 -1.256523282 -0.8050133813 -0.07794709118 1.24933659 1.015174124 1.202239629 0.5390453768 -0.7600460322 -1.001196901 -1.325246955 -1.398695149 0.6317504025 -1.80709109 -2.288148496 -2.122525363 0.6596168955 -1.362382982 0.7637702359 -1.122043765 1.690415045 0.1703565602
0.9884405919 1.56736836 1.071340701 2.687129249 1.574167278 1.872885932 1.34584019 1.557642792 0.9562476224 -0.338883391 -1.923591804 -0.7296327125 -1.910173992 -2.022505505 -0.199241135 0.077039 -0.5784901776 -1.029065426 0.02457971374 1.803272742 1.043970548 -0.03369825308 1.577033898 0.8558253068 0.8007827164 0.2037574625 0.3774802112 2.0854145 -0.130194 1.142638843 0.7430274176 1.141164994 1.366449097 -1.516827453 -0.5377512872 1.427161697 2.0833414 0.020009 1.775022184 -2.208326703 -2.169083495 -1.960599625 0.7157705991 1.369725214 0.6599425398 -2.611804259 -1.794121678 0.4827396551 -0.1542024534 1.202278992 0.8038790268 0.257597306 1.361781052 -0.9663451537 0.300863635 0.6188583755 -1.511267419 1.383967589 0.9965028102 1.132888484 -1.012388094 -0.9316694737 -0.543491717 -0.5996859883 -0.7434885792 -0.3666393935 -1.351699582 -1.913284413 2.096731233 -0.4372443184 -0.2102882178 0.6537149585 -1.068917868 -0.07385787891
0.6406547289 1.22938725 -0.2555107309 2.588394442 1.391769356 1.802651929 0.2440962133 0.8370772256 1.77849346 0.2188968498 -1.437895734 -0.62562421 -1.588709348 -1.111380974 -0.3613844312 -0.095656 -0.8241168681 -1.367166002 -0.2152124788 1.88167708 0.842363256 -0.8672421255 -0.05867876153 0.5246325918 0.9297245877 0.3148274435 0.2833583645 0.6410539662 0.182318 0.04991789702 0.6088091122 0.5326298096 1.814981913 -1.20017521 -1.013053523 1.074419171 2.331708888 -0.165905 1.848234479 -1.946151285 -1.713272469 -1.731006747 1.053474309 1.739877164 -0.3369653058 2.077872391 1.940824199 -1.20022441 -0.4897952299 1.591321272 1.248747852 -0.08770319287 1.653895453 -0.9515655418 -0.2044410154 -0.8540308715 -0.997043989 1.160517796 1.204075874 1.372074388 -0.9427217816 -0.816300438 -0.5998438048 -0.5385635193 -0.7868031605 -0.7063565243 -1.494389823 -1.676406498 2.046420801 -0.7406715798 -0.09444847509 -0.6798281523 -0.8964002999 -0.01071904361
-0.2129018334 -1.191049713 -0.7615570585 -2.022493935 -1.136725445 -1.489346325 -1.270680754 -1.419562222 -1.476307515 1.53383886 0.4774236651 0.5825253853 1.407966619 0.9518828016 -0.6329613703 0.072023 -0.06031776476 -0.3679140225 1.630041346 -0.2429295947 -0.4791146944 -0.06980927794 -1.067877341 -0.0639685614 -0.7673053048 -0.4906619147 -0.4396866871 -2.721487355 0.115346 -1.004949393 -0.9433274838 -1.402160088 -1.914900599 1.048689209 1.929981474 0.4501544778 2.762538373 -0.139675 0.7499006717 -1.350592804 -2.010342198 -2.358666433 -0.7890824427 -1.08988564 0.3446871256 2.120513046 1.860626584 0.2222291466 -0.9327018853 -2.072128935 -1.404108128 -1.77036885 -1.486816174 1.823414191 1.545505071 0.2994050683 1.148499554 1.505648783 1.659595488 0.552771066 1.703583221 1.326181234 1.066127193 1.492422127 1.318032027 1.558860178 2.582210034 2.338851997 1.897159565 1.835138731 0.5709546883 0.2007679138 0.9749710182 -0.004019789381
-0.07419243342 -0.2180493975 -0.1232321337 -0.1911503545 -0.03995522018 -0.4553441574 -0.4163740996 1.294918859 -1.668886632 0.4557272985 0.7130582501 0.7857134556 1.19587885 1.415821968 -0.1266717205 0.056809 -0.8014123305 -0.6101929687 0.6348900271 -0.5156409531 0.6290779843 0.02724922657 0.230463747 0.01140312639 0.7038074983 0.8205469722 0.553089257 1.966362828 -0.209261 -0.7374386475 -0.8695403776 -1.326488324 -1.989947975 0.3077111298 0.09300985526 0.5020159153 2.116336412 -0.126178 0.9576689735 1.801905599 0.8816058302 1.152575768 0.380153942 1.158822053 0.5889705169 -1.877400005 -1.528452966 -0.2236856959 -0.3580156252 0.6988214165 0.6702567926 0.6678922377 0.8638949192 -1.005348662 -0.9487074706 -0.16909473 0.455917637 0.9103508731 0.4342845714 0.3264513842 0.9116062993 0.8939103204 0.7952942194 0.9682708508 0.7337158477 1.225886563 1.593560827 1.527460741 1.50775939 -0.4367168837 0.4085623229 0.3092037452 -0.321396401 0.2147645421
0.2483997129 0.5990225206 1.046535459 1.135874337 1.234515244 1.50648382 0.9932854089 0.6157065591 0.5020798543 -0.156622241 0.09625055377 0.4807833976 0.6081369327 1.422931441 0.6637557446 -0.027961 1.566715792 1.452385671 1.37938843 1.070743336 0.3319111736 0.09965091693 1.17214304 1.730465499 0.658332445 -0.4298844883 0.2015415205 -0.02529561149 0.00927 1.371295624 0.87663049 0.6448426111 -0.3374948705 -1.209985212 1.081069017 -0.2208584115 0.9299756824 0.132488 0.4237764555 -0.8576887753 -2.461940144 -1.606667224 0.5923164934 0.6837877755 0.004522630374 1.423725414 1.263105626 -0.5973304262 0.636982878 -1.559044477 -1.646818668 -2.019512064 -1.987865339 -1.608819982 -1.272653482 0.8214324344 -0.6869883839 0.848153511 1.739864841 0.9528915419 -1.187179378 -0.7888795828 -0.6970876749 -0.9472239121 -0.1330883429 -1.310903957 -1.628027232 -2.023677943 1.20994181 -1.091929365 -0.4231177148 -0.09586255852 1.029668459 -0.09230960382
0.7375050138 0.8313376686 0.9603940854 1.699378398 0.7414987865 1.295923694 0.829847292 1.310289919 0.3032816578 0.3749046965 -1.55865987 -0.9744849635 -1.635099707 -0.8926659173 -0.7603583234 0.103442 -0.7269144851 -1.319442 -0.6549471373 1.430323266 -0.02696367838 0.01368822549 0.7922223475 -0.4542472065 0.3239427709 0.83287817 -0.1081307322 1.751904789 0.007675 0.8774235432 0.5245821382 0.1534996298 0.7997250151 -0.5563631283 1.4487878 1.237189865 2.496029195 -0.202994 1.166499699 0.9574149922 1.098915826 0.943050475 0.2065000697 0.6895126642 0.6106654609 -1.714961231 -1.280424971 0.2435728425 -0.8222420674 1.042193279 0.962167742 0.3322636785 1.074119697 1.228264117 1.175279916 -0.940544663 -1.8410702 1.288526902 0.849159833 0.85552364 -0.05019226129 -0.1604442411 0.02077137633 0.2043973212 -0.006046936065 -1.220852933 -1.251935817 -1.645218364 1.76742561 0.9768178616 -0.8432420606 -0.8943744235 1.263412253 0.1131233526
-0.4076990909 -0.5826132605 -0.8051452165 -1.825501325 -0.8587901236 -0.8028784162 -0.4908270328 -1.140494452 1.364271165 0.5460852971 0.4714953091 0.6895547862 1.362787194 2.036275477 -0.3228066108 -0.193368 -1.852386797 -1.280915753 -1.079112713 -1.516401452 -0.9420313472 -0.5305302078 -0.8919904759 -0.2124743401 -0.5788055541 -1.052511687 -0.4397437972 -2.157713925 0.013543 -1.390393632 0.8750944571 1.71721112 2.40104905 1.137034441 -0.9404098976 0.2176518512 -1.024429028 0.13289 -0.1768602317 -1.555055419 -1.555972155 -1.026577234 -0.2419938932 -0.9275356904 -0.07845333048 1.826564259 1.852623587 -0.5239876591 -0.6929251679 1.791797182 1.534723612 2.029366557 2.060508651 -1.477225215 -1.231805785 -0.401485456 1.589862205 -1.33045766 -1.75035249 -0.3109673545 1.362625595 1.244527851 1.251844959 1.500816663 1.044910071 1.365448678 1.940795841 2.081850908 -0.9438064905 -1.027054268 0.9735242863 0.4978470583 -0.2526079779 -0.1538521507
-0.4354434019 -0.9133544185 -0.9468823806 -0.9082352575 -0.935704921 -0.8365949972 -0.7326396472 -0.7477968038 0.4647734494 -0.02065772124 -0.3618413074 -0.02399266486 -0.6843443535 -0.6262664808 -0.02888471412 -0.199301 0.5340665198 0.3407932149 0.6816811461 0.1035215365 -0.5133591543 -0.6086783657 -0.5881243167 -1.432233931 -0.5246028249 0.4940010733 -0.6023328398 -0.4442722346 0.064647 -1.012848255 -0.1112615345 -0.4062507803 1.513727029 -0.06698276063 1.060104249 -0.3818569742 0.4309606063 0.210328 -0.04601424299 -0.7056460007 0.9926448766 0.1737332346 -0.07376197385 -0.5310193056 0.5604073544 -0.1412675157 -0.08579424814 0.3795328985 0.3403499675 -0.8330484261 -0.8585591463 -0.688585133 -1.114678129 -0.6390265857 -0.7129264941 0.4171186987 0.126623768 0.6022409548 0.4019505914 0.5973430962 0.8947251256 0.7321958812 0.7781255811 0.8676424278 1.085588886 0.7810694326 1.178684581 1.061237603 0.3602244299 -0.4148394279 0.3568405288 0.2865906641 0.8860784233 -0.09470949346
-0.7850486446 -0.4611515269 0.6779246951 -0.75785798 0.3332465229 0.4915419419 1.279863528 -0.4750127151 1.49899331 -0.9585905035 -0.3564624521 -0.8223202756 -1.643376103 0.09890137336 0.3311401991 0.040701 0.5519675685 -0.7570299766 -0.4387188143 -2.356137102 -1.079283592 0.3250484567 1.278037304 -0.9691529869 -0.4713082549 -0.1424396963 -0.4690052378 -0.5076281981 -0.094996 0.5759275159 1.50696764 2.024966563 2.173029951 1.747343784 -1.658959658 -1.816900724 -1.635726524 0.107062 -1.41569477 1.624510647 1.979219546 1.930560494 -0.3787394101 -1.408252375 -0.8639118899 -1.689995887 -1.599298986 0.02313747051 0.4344015905 -0.892004404 -0.5271015046 0.07794195108 -1.0142711 1.366613758 1.131816585 1.030858508 -0.8557649373 -1.005466587 -0.8374325799 0.08269987684 0.4148986379 0.9312616879 0.8157328905 0.6548920696 -0.388366079 1.968979253 1.866088446 1.846317899 -0.7640912751 0.9774951649 -0.1405898696 0.9866080936 -1.04873477 0.07670865228
-0.9664214531 -1.092575309 -0.3340135769 -2.071367268 -0.245967665 -0.6286471971 0.2701182596 -1.837325499 1.651005892 1.512509105 0.5998551204 1.126400123 2.071466905 0.9073994245 -0.530106143 -0.095016 -0.7559119198 -0.03197146424 1.646651585 -1.574307979 -0.5630621913 0.4251353477 1.762190416 0.4953521301 -0.5049536281 -0.6689334088 0.2499029588 -2.037562382 0.153597 -0.997492455 1.184274724 2.047979456 2.235822629 0.7898563717 -1.448452615 -1.317337869 1.98659668 0.14428 0.6378858302 -1.377881618 -0.6231074136 -0.4122075274 0.5267060587 -1.657991485 -0.847481103 1.613661736 1.672131201 -0.8513985996 -0.6009212502 -0.8398747937 -1.101135221 -0.6606623964 -1.318493303 -1.729479337 -1.226991734 0.4791165912 1.616720489 -0.2192767594 0.4557890093 1.473628818 0.646571676 0.7708173912 -0.05826723201 -0.01437029167 0.2095971758 1.525504307 1.889616058 1.844503269 2.089958303 -1.331384085 1.028708015 0.5419234826 -1.304530764 0.0651380724
0.3029157886 1.118426659 0.647088451 1.10716521 0.7017243407 1.32020977 0.9768326342 -0.4049922306 1.488085649 0.2517879739 -0.703032955 -0.3963045952 -1.258237515 -1.458772692 -0.5008115734 -0.105627 -0.8148005442 -1.398449222 -0.4282203885 0.1033286767 -0.8369432156 0.4575539428 2.166106817 -0.03205446745 -0.4283721974 -0.4209249168 -0.7626874256 -2.06455721 -0.077463 1.715929977 0.5658096724 0.7206713226 1.822748719 -0.2116948103 -0.5054373594 -0.06390933568 2.212425059 -0.158802 0.8613745164 -0.6404484615 0.7478464472 -0.1190170717 -0.4093645416 -1.463860109 -0.9033108267 1.902096676 1.556277278 -0.2496790216 -0.5087714665 1.116411147 0.5776431262 0.9569284754 1.368964884 -1.161499197 -0.9923596715 0.01792036628 -0.6485740538 0.6733002102 0.3514864086 1.227162532 0.347380002 0.8518993798 0.5462256097 0.6273101016 -0.1644323872 1.507247311 1.906647664 1.895908783 1.772824325 -0.8289043078 -0.2716433776 0.3307649405 -0.9893735274 -0.05610354328
0.4329071986 1.40757727 1.170422321 1.914794936 1.272075128 1.546538567 1.237379537 1.638422447 -0.2146362343 -0.1759869231 -1.82318451 -0.3491521084 -1.588787561 -1.802282284 -0.5472295958 0.167617 0.1621279123 -1.44632938 -0.3871961566 0.0284561534 0.7700055722 0.6573276966 2.016899705 0.4089228851 0.8538120652 1.095327305 1.062025215 1.983361638 -0.072738 1.5515727 -0.3442374167 -0.4256125458 -1.049232398 0.2245186157 -1.194135379 -0.5030225028 1.751819991 -0.115106 0.6442571013 1.728318025 1.458197402 1.596158514 0.7175546767 1.347560071 0.4470777786 -2.048392175 -1.961287555 0.005244850588 -0.3972312012 0.5209655093 0.3913766087 0.7624875204 0.819378779 -1.567439912 -1.400792288 0.35229495 -1.397130902 0.7856242041 0.584621851 0.7832204522 0.8550114359 0.8229355963 0.9770953841 1.047979372 0.5511083822 1.420008935 1.809271758 1.763892014 2.020525362 -0.7912376793 -0.4747571969 0.8803045229 -1.620771774 -0.1545352397
-0.0405315868 0.07473499021 0.2222183278 -0.3482888586 -0.01599975154 0.01227762743 0.1217719724 0.6727975184 -0.6334576471 0.3196330402 0.2774845769 1.12549806 1.015747261 -0.1880090938 0.1773404179 -0.19316 0.9968334996 1.978855481 1.08479498 0.9957339933 0.9721980645 1.166434032 -0.9345571358 1.097582296 0.1983684201 1.683747527 -0.2904272402 1.88993007 -0.200089 0.6001153209 -1.031069166 -1.915430831 -1.086697826 -1.566314427 0.8125054912 0.9747535814 -0.1778174804 0.122984 0.3910547867 -0.4825434467 1.295308464 0.7725736846 0.1157313759 0.2561346897 -0.1098123308 -1.650386876 -1.31121577 0.7378462776 0.4751534945 -0.07948185958 -0.06814211088 -0.4434360149 0.4436719316 -0.9211757782 -0.7428114844 0.02267332255 1.468590822 0.6452142574 0.01853350843 0.3190207209 -0.9030783031 -0.9364327939 -0.9868122301 -1.098819034 0.1719311651 -1.194536389 -1.815945442 -1.840559569 -0.01725657706 -0.2459610699 1.037929386 -0.5423594252 1.27535878 0.002641964284
0.1464323501 0.2782486854 1.186675105 1.701949559 0.7815148251 1.106485586 1.264868807 0.139445255 -0.8980979825 0.6269246458 -0.380700211 0.1517123901 -0.1562942427 -1.516935877 -0.5803290605 -0.145693 -1.310442888 -1.291568242 0.7231351442 0.0204491209 0.5464452733 1.705492725 2.021714167 1.468723718 -0.08743913455 1.445146577 0.3079018703 -2.493528272 -0.008134 2.298081571 -1.301037527 -2.119172187 -1.930841492 1.161420025 0.3295664675 -1.577926702 -1.442788691 -0.105715 -2.038707542 1.416392717 1.5194081 2.191164734 -1.230657418 -1.847504119 1.072955843 1.91721004 1.49503956 0.1785920876 -0.5114460861 -1.314763208 -1.745754616 -0.09813840211 -1.756805039 -0.9597181552 -0.8995785012 -0.04483910094 0.4686079454 -1.191795832 -1.170387696 -0.8446983566 1.477509067 1.084290791 1.010351968 1.44329033 1.356950897 1.449826688 2.172097986 2.001951299 -1.410119087 0.815437145 0.4750858171 0.9192957092 0.5910624473 0.002628565589
0.05085391118 0.8867489264 1.257923798 2.521238326 1.346390352 1.40370978 1.285759349 0.07220790846 2.062261408 -0.0342412493 -1.57939835 -0.04054701827 -1.64759597 -2.329000975 -0.3521253089 0.095758 0.3555386156 -0.5245752883 -0.6477614357 0.5625496859 0.8625576708 1.044078419 1.329580235 0.4527966747 0.8157059461 1.866081504 -0.1032523124 0.1334608326 0.115453 1.416926129 0.414046458 0.02950856995 2.019258696 -1.553778658 1.631739323 -0.6637982751 -0.6130509291 -0.165774 -1.40380289 -1.340178252 1.762534005 1.271971995 0.8920543204 1.41220904 1.627153512 2.279348522 1.673288322 0.1101465996 -0.4654619506 -1.159623896 -1.295882064 -1.041689539 -1.737942039 2.159178852 1.326091928 -0.8784583989 -0.8532346804 -0.719897468 -0.3357990004 0.2865872497 -0.3968369372 -1.110830419 -1.5680097 -0.7939656476 0.3592314784 -1.49310941 -1.457306707 -1.739223285 0.4688075607 1.348820001 0.03327767495 -0.9725440414 2.527896053 -0.1506848247
-0.7884596927 -0.5503474256 -0.7367184138 -2.512015483 -0.987333748 -1.325688682 -0.8527988573 -0.5934359146 0.4917124786 0.956372004 0.6066932007 0.8616899713 1.096403933 1.217068137 -0.3983306389 -0.1623 -1.965496856 -0.4435530648 -0.08076579405 -1.202029851 -0.5780093432 0.6148192903 -1.120953025 -0.438614574 -0.5089633116 0.7665422616 -0.4943740732 -0.9178185671 0.083905 -1.146686002 -0.315079521 -0.9276728122 1.404828386 -1.009921636 -1.717982265 -0.4209177658 -0.8505048723 0.044102 0.4937107756 1.49754284 1.892004414 1.617607026 -0.02897588368 -0.9861023674 -1.767810301 1.138413203 0.8900880676 -0.03088993941 -0.5366496976 1.337723921 1.487824383 1.496939951 1.682116837 1.881338312 1.052767896 -1.993102511 1.235926436 -0.5376824172 -1.135798062 0.005843219665 -1.28131112 -0.8842920537 -1.117316479 -1.046940089 -1.023186148 -1.175010882 -2.228169422 -1.871643548 -0.638042782 1.018584449 1.033026405 -1.110002812 -1.027057573 0.0999827742
0.1326275543 -0.4294030634 1.560420979 -0.5654370083 0.9378996092 1.177699036 1.079000599 0.2035913903 -1.471042241 0.547237865 1.124212019 1.347188198 1.723485645 1.642746534 0.4575142985 0.053849 1.845654035 1.205076764 1.597578873 1.511080477 -2.089788638 1.045928798 1.871076497 1.648437359 -0.8055315644 -0.802849189 -0.8502209642 -2.313973175 0.144298 2.905999797 -0.8789619706 -1.034610571 -2.38741801 1.303270235 1.146955074 -0.164945698 1.612780199 0.11541 0.8829028724 2.099271318 1.084047032 1.433729789 -1.4767997 -2.051514215 -1.714123621 1.676711947 1.243627418 -0.1394611865 0.7177465078 -2.25278205 -1.878655476 -2.165574119 -1.994711385 -1.784869765 -1.701669789 1.158672849 -0.9307904772 1.76340199 1.924904273 1.154763626 0.77963184 1.28866844 1.121125617 1.061707445 1.143695055 1.165604568 1.840929977 1.237567094 1.014789707 -0.8429351333 -1.530946024 0.3773791643 0.04272280396 0.2231916821
0.1050963368 -0.1634333136 -0.7761297501 0.2836394682 -0.2479519084 -0.5561412143 -0.6456449217 0.7430259281 -0.03565453248 -0.6177523021 -0.3935033104 -0.6047982275 -1.502512551 -0.7080549486 0.1316097128 -0.092125 1.261182825 -0.6421737202 0.7238015392 1.28697992 1.349428172 -1.954109354 -1.218308896 -1.884930645 0.7917807677 1.779984985 0.3177946599 2.761088749 0.167197 -1.994914783 -0.265899689 -0.5028837195 1.423526809 -0.8138322794 -0.08852384083 0.3259020702 2.00227629 0.01372 1.525184861 -0.6958195368 1.249545705 -0.4044802211 1.504569587 2.172900077 1.284551954 -1.348473736 -1.352010817 0.7648595015 0.5151313822 -1.171558632 -1.057819002 -1.12348098 -0.8209609643 -1.004475886 -0.6757623918 1.82344973 -1.465606199 1.846180578 1.259844526 0.7166484363 0.2865446384 0.3411551982 0.6975861648 0.6883062907 0.2000706637 1.588601225 1.95151571 1.808702032 1.992419973 -0.63396081 -0.6588527058 0.9608533106 -1.285412067 -0.1142586508
-1.316970174 -1.363010769 -0.5819815688 -2.604720611 -1.288089036 -1.486033361 -0.4476261545 -0.6575038848 -1.846645269 -0.9882464637 1.797581554 1.200300807 2.220560886 1.841866445 0.9448842123 0.148288 1.881336633 1.646545334 0.6639806773 -2.152929858 -0.700480605 1.392347 -1.285386032 -1.043001375 -0.7923924285 -0.7631632952 0.1454619118 -0.6203469401 0.151174 -0.0803909646 -0.322698625 -0.1174917758 -1.37014403 1.374528086 -1.640156264 -1.827629826 -3.083724152 -0.217206 1.782870805 2.150969284 -1.45756285 1.71765241 -0.5016690536 -1.300163991 -1.26441579 -2.027606702 -1.394700926 0.5381245135 1.256684248 2.658634497 2.717580209 2.18992462 2.891358862 1.359762327 1.255371472 0.6281888195 2.008347893 -0.6828676818 -1.308539683 -0.3273763423 0.4458154169 0.576271356 -0.01692335445 -0.1298728618 -0.2259955576 1.94445327 0.9599262538 1.850891814 -1.43976453 1.169217939 1.022577169 0.8972665926 -1.281099788 -0.2905020537
-0.4930472221 -0.1763819111 -1.523026428 0.2559294153 -0.1252913715 -1.136246445 -0.8128920155 -0.1354836836 1.55052625 -0.0101920521 -1.463773634 -0.9503847946 -1.777691419 -1.514276866 -0.275576485 0.04483 0.9299109136 -1.326126593 1.195916764 0.261540582 0.8400976581 -2.195141657 -1.499552193 -2.376731686 0.6243575304 1.660966921 0.005396050004 1.878724239 -0.179299 -2.783644438 -1.074424911 -0.9168495591 1.673701262 -1.026095854 -0.7989661112 -0.9125328042 1.957480151 -0.121941 1.838153273 0.3519514947 2.657903267 2.067862803 1.638136723 2.176540282 0.5393749626 1.487025916 0.5080076525 0.06158444309 -0.07249945915 -1.480806466 -1.810361024 -2.248496327 -1.70176888 -0.9408136173 -0.793719098 1.611925171 -1.439690014 2.041238673 0.8330736526 1.842014504 0.08560434308 0.1799897248 0.2811527346 0.1891948629 -0.1263082985 0.9350619095 1.103830844 1.340400252 2.216205932 -0.5653745878 -0.5377533477 -0.01844324821 -0.7051603557 0.1082045894
0.1890644554 -0.6213377976 -0.2802072963 -1.510515279 -0.4618498003 -0.706956274 -0.06752328068 0.006034750353 -0.7840412559 -0.4479954249 0.1093458229 -0.8610303996 0.7569326916 0.9618421476 -0.6861305465 -0.158794 -1.28327796 -1.317582299 -1.678290533 -0.7931595615 -1.212737993 0.498867671 0.2975349247 -0.05795861241 -0.8886690932 -0.04496522475 -0.4434899136 -0.8248875534 0.116809 -0.1651244767 -0.4800163948 -0.2844371182 -0.8077346387 1.742614569 0.4113279222 0.7800283388 -0.6363259186 0.10325 -0.7570171794 0.2572403631 0.6420525451 1.212237772 -0.7196568355 -0.9672363383 -0.007865074569 -0.3109531406 0.0391413896 0.5469933239 -0.798905019 1.59435448 1.721893047 1.902966449 1.951803623 1.400595791 1.29371081 -0.5630258743 0.5027213182 -0.7639078093 -1.299812768 -1.095934637 1.614036642 1.491127563 1.209977014 1.621255537 1.316841286 1.553224181 2.44086108 2.434387009 -0.8686344786 1.452610083 0.2191522767 1.116329572 0.992560567 -0.2182545234
0.306507286 0.3824182709 -0.7853244029 1.021666592 -0.171739256 -0.7464468882 -0.8429402768 1.299975559 -0.6471015426 -1.175469307 -0.3969892913 -0.5306596078 -1.815379248 -1.120695127 0.6565913442 0.026885 -0.1931661172 0.9416476959 -2.125345851 -0.4051432289 0.7017368342 -1.990897269 -1.889194703 -2.106546363 0.8466554815 1.481213169 -0.04011504312 1.009538321 -0.052347 -1.913178787 -1.489863941 -2.07120309 -1.467179352 -2.30798913 1.781028907 2.11171336 -1.447048802 0.012839 -1.64683037 1.851520165 1.217876316 1.967794063 1.05444272 2.063251985 1.913308418 2.43182399 2.352651396 1.478500921 0.6333988156 2.103875876 1.65000332 2.466452165 1.551809255 -0.9976145144 -1.458983854 -0.356441667 -1.076728141 -0.8803314165 -0.8553474443 -2.244902162 -0.3700422053 -1.587350657 -0.9146286534 -1.298519358 0.5514078339 -1.617176223 -1.755066569 -1.746051199 -1.453744998 -0.4462118594 -0.5031245654 0.1130686396 2.175314813 -0.6803420533
-0.3935753008 -1.010568641 -0.4653655759 -1.073022174 -0.4954512201 -0.7508247002 -0.3654902419 -0.7346163432 0.8741985502 -1.700553568 -0.03490223305 -1.08068937 -1.514431034 0.5794510766 0.6275870485 0.176151 0.8919810721 -0.5401426558 -1.076084519 -1.448709087 -1.185705258 -1.146808183 -0.9559638909 -1.748820742 -0.6462328164 -0.6437709237 -0.2576037731 0.5262911505 0.083375 -1.434358904 1.882277754 3.016893355 2.459325685 2.800773836 0.6814019804 -1.385725797 -1.953950854 0.045887 -1.414287163 -0.5042705027 -1.602346182 -0.6870555017 -0.2697016791 -0.7437906337 0.6414767177 -1.434004736 -1.413837389 0.7675451428 0.8188213553 -1.066248698 -0.7892924812 0.3419484417 -1.207015388 1.62165363 1.387995068 1.684719281 -1.329256941 -1.067837368 -0.435901238 -0.9729339672 1.824376195 1.579288146 1.754685994 1.436770718 0.927567877 1.377469264 1.979389021 2.25810522 -0.9669050834 0.9417763412 -0.6857835247 1.262067095 1.274187144 -0.226201113
0.2708610337 -0.1757053716 0.2947040441 -0.8321916881 -0.26100698 -0.4241484761 0.0207050567 1.372918071 -1.489684555 1.454603137 0.7948842067 0.6396241913 1.862024149 1.393101067 -0.5929649179 0.105736 -2.019233162 -1.186883747 0.08797826597 -0.9237784708 1.125269574 0.9594382916 0.9752754964 -0.3418828686 0.8844323581 1.232641936 1.269799311 2.534901412 -0.097104 0.02727999506 -1.109261884 -1.874789909 -1.768925576 0.9272248097 0.8697105424 0.4795272359 -0.3522511821 -0.153339 -0.6809680635 2.513557724 2.070274628 1.939352861 0.3078657677 1.921402975 1.339991123 -2.130215763 -1.800123858 0.07325902187 -1.019338914 1.658494592 1.167987373 1.503144449 1.113917247 -1.401118674 -1.466889473 0.06543758081 1.167892987 -0.3018239204 -1.259987817 -0.815259509 1.54871905 1.242585 0.9790466915 1.360320139 1.173114961 1.367940198 2.298610214 2.183908125 -0.9460121589 -0.4891041199 0.6608766853 1.230564584 0.5824921646 0.01192700264
-1.12207251 -1.080709242 -1.392140066 -0.8327348437 -0.04966574692 -1.091954627 -0.9275006616 -0.6135417378 1.856000116 -1.5744361 -0.3691836594 -0.2075838288 -1.775687933 -0.2716913146 0.769868858 -0.138105 0.8013068926 1.132738183 -0.9303016861 -1.810029462 0.5849921093 -1.626736182 -2.33616173 -2.449397171 1.318794674 1.253462891 0.09180661394 1.054868846 0.080788 -2.672707787 0.5050608424 0.6580520747 1.977121206 -1.467716035 -2.133287943 -2.021506067 -2.796531796 -0.102501 -1.819590948 1.814129889 1.762960881 2.061258168 1.457949626 2.463291267 0.7582661529 1.78421327 1.416069587 -0.09587257587 0.9436313348 -1.354883195 -1.146183023 -0.8799976697 -1.461928771 -1.570139558 -1.489029356 0.0969342024 -1.547996466 -1.372443918 -0.972477561 -0.1292881609 -1.8807982 -1.479461705 -0.9680259306 -1.601359385 -1.500097209 -1.336721577 -2.578781161 -2.496817815 -1.268274759 -1.482287802 -0.6229845034 -1.064505124 -0.5364934076 0.1855221554
-0.1254813963 0.1396535982 1.189820423 -0.5978082547 1.297864559 1.300176193 1.351036718 0.127670005 0.7614952344 -0.8566038554 -0.2985893789 -0.6153617368 -2.289931287 -1.965787207 0.3655086561 0.1484 1.716519098 -0.09459872272 1.133618856 1.069597919 -2.15777383 -0.5388267785 -1.167108953 0.2199287372 -0.8221413357 0.9079424999 -1.463215381 -2.173460715 -0.091242 1.59526987 -1.492060256 -2.512544286 0.2714583311 -1.213562807 1.108984287 0.01802467628 1.521776555 0.157966 1.112748402 1.073569424 1.875336471 1.375238144 -1.376928306 -2.127830751 -2.283320422 1.768570089 1.251049402 0.7389210382 0.5772034134 -2.250274784 -1.668715971 -2.178369876 -2.034774495 2.3017677 1.190121778 0.3562294073 -2.053515612 1.773215494 1.729773881 0.8985667491 -1.853523252 -1.073447464 -1.6135999 -1.543319755 -0.8613009774 -1.337205993 -2.24781117 -2.190517364 1.506049525 1.286997989 -0.6610771978 -1.067839471 -0.3926663464 0.2753588016
-0.4218776754 0.1005945479 -0.7756668764 0.1963042901 -0.4273895616 -0.8868886194 -0.8045913652 -0.4474137872 0.6732375531 -0.3173100322 -0.5410864287 -0.4323667947 -0.8493674074 -0.6441968443 0.06465472401 0.019437 1.417314836 -0.7649089574 1.284640432 0.1639942158 2.161991984 -0.9609599865 -0.8468548097 -1.147464289 0.9690340662 0.4227020733 1.50955387 2.367122371 -0.135469 -1.865442727 0.2895291137 0.6366993964 1.624009242 -0.2855535952 -1.193961297 -1.240620121 1.177289956 0.195309 1.329274465 -1.412684969 -1.495393493 -1.355485068 1.640624192 2.090674464 0.4582465765 -1.174756263 -1.05872666 -0.4819374562 0.2804140126 -0.9480080284 -0.7275112831 -1.030128659 -1.295691993 1.254216915 1.722835202 1.223200597 -0.1681499297 0.7610386954 0.7225333273 1.445680038 0.2645601688 0.3071747327 0.4293354995 0.4883084473 -0.4268044064 1.654281789 1.84068458 1.692464488 1.848239636 1.17274276 0.8589507553 0.6060343077 -1.227038468 0.02561065036
-0.3100645835 -0.5867694049 -0.2951221141 -1.418027848 -0.6517161374 -0.6501068551 -0.4933057102 0.02191518613 -0.221786783 0.2314388519 0.6960682831 0.3022064132 1.242031929 1.528832761 -0.2978411902 0.003201 -0.8117711273 -0.7819311777 -0.2048988109 -0.763236684 -0.3559496356 -0.4521728055 -0.150112138 -0.0655204114 -0.290580239 -0.7517252589 -0.1982113128 0.5184450817 -0.122392 -0.6418497934 0.3319090151 0.9914706878 0.9381582605 0.8899703943 -0.5818257707 -0.1216789904 0.3393987333 -0.051824 0.2878597066 0.4178788798 -0.5021524468 -0.3537434492 -0.4678170477 -0.6947559881 -0.5228660249 -1.059902468 -1.129614861 -0.5225103762 -0.1835083095 1.263405289 1.246030346 1.51139447 1.822699764 -0.9986548593 -0.5579883092 -0.1010767638 0.9624337968 -0.238974264 -0.7043821414 -0.05570373533 0.4843514626 0.8488030669 0.4718305968 0.784090695 0.2097592445 1.321513428 1.741419915 1.91673464 -0.2160615879 -0.9308785149 0.644385185 0.4651175155 -1.101671619 0.05479813174
-0.1447848676 0.7526461392 0.8219234006 0.7870710179 0.895019649 1.135143666 1.258814168 0.6324189177 1.255598206 -0.1691924485 0.2564891244 0.5658933308 0.02404434525 0.7054006235 0.2526256403 0.001297 0.7717043871 0.653025692 0.215536353 1.059410061 0.6330906207 0.137873246 0.4189219538 0.2614449893 0.6767005769 -0.07550414424 0.695400739 0.8776382993 0.202464 0.6950295743 0.9500465495 1.170704357 1.328192614 0.1763540287 -0.4940668586 -1.143961232 -1.355490683 -0.094707 -1.350435242 0.02222716685 -1.114619133 -0.1155557859 0.7937502098 0.6136587186 2.683285802e-05 0.4097058206 0.05182793603 -0.3921314538 0.4555524042 -0.9630734473 -0.8265271153 -1.030929679 -1.596682841 0.3800402355 0.2618603624 0.3257480914 -0.01003391451 -1.124677679 -0.475114354 0.3696289632 -1.062369494 -0.9320393632 -0.7410209729 -0.8792163809 -1.082080933 -1.111584006 -1.708464934 -1.890680285 -0.1067450928 0.4380608831 0.2241337975 -0.09805059601 0.5873825409 0.05345447953
0.1215577825 1.048854449 1.517815215 0.2726137461 1.052292597 1.755423255 1.239664214 -0.4960099971 1.557956741 -0.04314193806 0.1567670397 -1.000457223 -1.503567265 1.774306802 -0.4518944411 -0.128738 -1.621879363 -1.769437362 -1.193687829 0.5499038216 -1.582570969 1.18379367 2.435527188 2.810776937 -0.4323027416 -1.153891051 -0.7051741295 -2.279128449 0.070761 2.366637767 2.064767485 2.798885373 1.742941191 2.084812769 -1.133722638 -0.07287926464 -0.5792582988 -0.038716 -0.4023862645 0.06493119366 -1.245629729 -0.7288853094 -1.564607289 -1.963755594 -1.291331217 2.068380466 1.831497904 -0.9259369035 -0.6644995676 1.63503637 1.599549629 1.803555877 1.978915953 -1.522468805 -0.7815451277 0.04246919972 -1.097922304 -1.024735144 -1.17549937 -0.08234790975 1.214606265 1.491009989 0.8974947575 1.124347256 0.113687824 1.544517558 2.080510891 2.191549002 0.4829516739 -1.243482347 -0.5786592344 0.8529364215 -0.8804909298 -0.203015895
0.6254445292 1.191268438 1.044086709 1.213373503 1.038761876 1.363026231 1.065281342 0.7817059653 0.7020025186 0.5060032323 0.1315225298 0.03553949193 -0.525708822 0.4309361021 -0.5237861708 0.183441 -0.5011066778 -0.913554626 0.03848819531 1.551989819 0.1988706721 -0.2467044143 0.8714202525 0.7406934613 0.7870070604 0.2469606683 0.1222020269 0.769984356 -0.195753 1.225335603 0.8354598424 1.117229122 0.9930669795 -0.7391154514 1.286526607 1.504228032 2.048451331 -0.118147 1.26160963 1.301913221 0.4288778751 0.4306762089 0.4595871192 0.692246269 0.1058168175 0.3644331644 0.1370074177 -1.002284992 -0.7697884282 0.9258972709 -0.214000047 -1.245286067 -0.1090741546 -0.6201312562 0.1817088233 -1.062538113 -0.7714767998 1.231134124 0.9544123772 1.240513266 -0.407309046 -0.7794885661 -0.8383921408 -0.8670218091 -0.1752609445 -1.45765437 -1.719139204 -2.052799167 1.407108314 -0.6490521506 -0.1803908841 -1.134580946 0.6933038867 0.1174681644
-0.6649630943 -0.5882033582 -0.316817038 -1.680461984 -0.6707505438 -0.65266211 -0.0770927836 -0.4057673913 -0.2204202045 0.558093188 1.916801459 1.138321181 2.037287063 1.693207293 0.4473064469 0.067724 0.4302945029 0.9587368755 1.036680913 0.9318632803 -0.9488272678 0.1650196792 -1.261598378 -0.3877131767 -0.693761201 -0.5556818635 -0.8136207748 -0.6150305549 0.043498 -0.4965650466 0.1572816878 -0.3637335913 1.450466007 -0.06994516162 -0.9345935993 0.4596855856 0.9933215994 0.086717 1.756458184 1.291993504 1.342264985 1.6426744 -0.6956325511 -1.365078435 -1.310227524 -1.525273545 -1.205312743 0.3498420981 0.2186451399 1.370649837 1.731579555 0.9327058798 2.094283079 1.875918719 1.600300048 -0.2127585027 1.456363141 1.127532985 0.2684324936 0.9053922003 -1.235177618 -0.8449373839 -0.9672941628 -1.204150558 -1.109426939 -1.100656073 -2.119259052 -1.803233198 0.5434704721 0.9239872033 0.9046479121 -0.233796777 -0.6333939991 -0.02730944896
-0.3100740542 -0.431949932 -0.2786731444 -1.120081039 -0.421441797 -0.5208683167 -0.2078155501 -0.3054782053 1.377668901 -1.16606754 0.07723227064 -0.7770097312 -1.990166168 -0.2762035952 0.2503086698 0.153303 -0.4953593695 -1.210510496 -1.485799822 -1.17194235 -1.676657969 -1.087329235 -0.5842865591 -1.633203339 -0.9335298047 0.2727028287 -0.7912559229 -0.7786414919 0.113763 -0.9319660986 0.5911454706 1.611450941 2.181772202 1.70929255 -0.8525143962 -0.7721313202 -1.278752411 0.011629 -1.010457331 2.499638747 2.48931046 2.3192242 -0.9632515945 -1.613536778 -0.570441184 1.029315952 0.3659226729 0.9205244412 0.0215308327 1.701937633 2.071361613 2.683159636 2.308612877 -0.8710384252 -1.225834024 0.8139095712 -1.517773516 -1.0053832 -1.589033922 -1.29266298 1.18375918 1.314737216 1.191148572 1.082096749 0.568380494 1.068398488 0.9726514666 1.071611704 -0.6036820088 -1.279708625 -0.8487421178 1.100362814 0.9329293564 -0.02623308982
-0.01104617068 -0.02499067568 0.7269879863 -0.05408173975 0.7158070641 0.766550913 0.9591847966 0.2540819409 0.5735542651 0.7535194292 0.323410502 0.4792442284 0.1261810525 0.1672997299 -0.278623697 -0.148461 -0.2058411502 0.02548737678 0.4156590145 0.4150288483 -1.315309295 1.012588991 0.9266772686 0.5989728614 -0.7137319727 0.4138433912 -0.6989625351 -1.14770355 0.149224 1.393403861 0.2013276184 0.04198714025 0.325443248 -0.2254325685 0.7088023033 0.3812028903 1.043751164 0.108383 0.3424841283 0.9645702587 1.126128322 0.8951891158 -0.7907434658 -1.462284641 -0.8756335358 -0.2211381732 -0.1970311196 -0.05252232743 -0.4156578734 0.4057496574 -0.1073806718 -0.4792941645 -0.3148669101 1.030143944 0.8091607826 -0.626969912 0.741949085 0.6415295595 0.200731488 0.4619657726 -0.06425771248 -0.01664744957 -0.1518142382 0.1259917198 0.4656341008 -0.6011119156 -0.983907392 -1.10002347 1.130887811 0.7144394652 0.4286065495 -0.2573123738 0.7518613661 0.2000159492
